6.7932E-6
8.2323E-6
1.7935E-5
8.7623E-6
7.2447E-6
1.0076E-5
1.2219E-5
8.0709E-6
2.3234E-6
9.7563E-6
8.1898E-6
5.8981E-6
9.2327E-6
5.8345E-6
1.0758E-5
5.4342E-6
8.1112E-6
8.2277E-6
7.5659E-6
4.1737E-6
9.5569E-6
9.6353E-6
9.2382E-6
1.0636E-5
8.1814E-6
1.2909E-5
9.1484E-6
1.4845E-5
1.4746E-5
2.0568E-5
2.4315E-5
2.7091E-5
3.2284E-5
4.1955E-5
5.3352E-5
6.6054E-5
8.0623E-5
1.0355E-4
1.2885E-4
1.5487E-4
1.8808E-4
2.5258E-4
3.085E-4
3.8133E-4
4.6555E-4
5.8832E-4
7.0995E-4
8.6274E-4
0.0010476
0.0012442
0.0015337
0.0018195
0.0021759
0.0025917
0.003186
0.0037964
0.0045312
0.0053699
0.0064813
0.0075429
0.0086608
0.0097822
0.010952
0.011863
0.012489
0.012819
0.012827
0.012408
0.011783
0.010993
0.010141
0.0091753
0.0083975
0.0077353
0.007222
0.0067103
0.0063742
0.0060501
0.0057282
0.00535
0.0050007
0.0046351
0.0042542
0.0038064
0.0034392
0.0030801
0.0027794
0.0025078
0.0022427
0.0020315
0.001869
0.0017361
0.0015904
0.0014818
0.0013754
0.0012746
0.001168
0.0010778
9.9018E-4
9.0577E-4
8.2712E-4
7.439E-4
6.7934E-4
6.2774E-4
5.7982E-4
5.3909E-4
5.1108E-4
4.9113E-4
4.7477E-4
4.5742E-4
4.5039E-4
4.4769E-4
4.4238E-4
4.3668E-4
4.3791E-4
4.3999E-4
4.4579E-4
4.4914E-4
4.4738E-4
4.5581E-4
4.648E-4
4.7342E-4
4.7639E-4
4.8387E-4
4.9723E-4
5.021E-4
5.09E-4
5.1205E-4
5.0865E-4
5.1097E-4
5.0857E-4
5.0148E-4
4.9592E-4
4.8558E-4
4.7595E-4
4.6278E-4
4.4584E-4
4.3422E-4
4.178E-4
4.0331E-4
3.8424E-4
3.6679E-4
3.4943E-4
3.3361E-4
3.1532E-4
2.9824E-4
2.8287E-4
2.6572E-4
2.5069E-4
2.3548E-4
2.2118E-4
2.1027E-4
1.9629E-4
1.8405E-4
1.7319E-4
1.6264E-4
1.5228E-4
1.4375E-4
1.3232E-4
1.2267E-4
1.1366E-4
1.0403E-4
9.5135E-5
8.6293E-5
7.7842E-5
6.9579E-5
6.2881E-5
5.7973E-5
5.1254E-5
4.5077E-5
4.0069E-5
3.6892E-5
3.2726E-5
2.6704E-5
2.4423E-5
2.0841E-5
2.0243E-5
1.7747E-5
1.5998E-5
1.3173E-5
1.3866E-5
1.2199E-5
1.0866E-5
1.055E-5
7.9664E-6
7.8516E-6
7.9949E-6
8.4527E-6
7.1816E-6
5.2677E-6
6.6669E-6
6.2304E-6
5.2572E-6
5.9111E-6
4.0797E-6
5.379E-6
6.1151E-6
4.8346E-6
5.4091E-6
4.8419E-6
3.8827E-6
4.1234E-6
3.4285E-6
3.6665E-6
4.6109E-6
3.7718E-6
2.8828E-6
3.5124E-6
4.5388E-6
3.6647E-6
3.8085E-6
3.3764E-6
4.6538E-6
5.6253E-6
4.9541E-6
5.5734E-6
4.1041E-6
3.7989E-6
3.9912E-6
4.2195E-6
4.7181E-6
4.1737E-6
5.0073E-6
5.1756E-6
5.2576E-6
4.612E-6
3.7335E-6
4.4883E-6
4.7302E-6
4.1948E-6
4.03E-6
4.3092E-6
2.9108E-6
3.8463E-6
3.944E-6
3.9343E-6
4.4096E-6
3.1078E-6
2.8402E-6
4.1528E-6
3.1187E-6
3.836E-6
3.2861E-6
2.9928E-6
4.1029E-6
3.8988E-6
4.3479E-6
4.2065E-6
4.0125E-6
3.7968E-6
4.42E-6
4.134E-6
2.8502E-6
2.8358E-6
2.586E-6
4.5429E-6
3.0406E-6
2.2303E-6
2.143E-6
1.8847E-6
2.8882E-6
3.4782E-6
2.3115E-6
2.6955E-6
3.0157E-6
1.576E-6
3.0418E-6
1.9086E-6
3.6885E-6
2.7885E-6
2.8471E-6
2.9078E-6
3.91E-6
1.9749E-6
2.0226E-6
3.3114E-6
2.1609E-6
2.0789E-6
3.1403E-6
3.4383E-6
3.084E-6
3.6564E-6
3.0452E-6
3.6793E-6
2.3047E-6
3.4692E-6
1.9041E-6
1.7261E-6
2.4233E-6
1.9554E-6
1.6482E-6
1.2019E-6
3.6386E-6
1.6842E-6
9.9588E-7
0.0
3.1963E-6
2.217E-6
0.0
2.5466E-6
2.8226E-6
1.0853E-6
3.8113E-6
1.4844E-6
9.2354E-7
3.3309E-6
1.9228E-6
2.3083E-6
2.3203E-6
1.5252E-6
1.3639E-6
2.5647E-6
1.2337E-6
2.4365E-6
1.6687E-6
2.8805E-6
2.1856E-6
0.0
2.438E-6
1.9298E-6
1.9751E-6
3.5677E-6
6.2702E-7
4.8111E-6
2.5827E-6
2.8545E-6
4.9237E-6
5.9119E-6
3.3062E-6
3.7918E-6
3.6061E-6
2.2537E-6
6.4942E-6
7.847E-6
4.443E-6
2.7451E-6
0.0
2.7269E-6
3.8965E-6
4.7868E-6
1.7494E-6
2.7536E-6
6.922E-6
7.9726E-6
6.7784E-6
7.778E-6
6.0882E-6
7.3488E-6
6.4679E-6
7.4098E-6
6.22E-6
6.7416E-6
5.8228E-6
8.4823E-6
9.1595E-6
4.2877E-6
7.2935E-6
6.2864E-6
5.2858E-6
8.7047E-6
6.0122E-6
5.464E-6
5.1211E-6
9.6278E-6
9.3138E-6
9.051E-6
1.5765E-5
1.7829E-5
9.0553E-6
1.5784E-5
1.746E-5
1.1874E-5
1.1683E-5
1.657E-5
1.8835E-5
2.0944E-5
1.1972E-5
1.717E-5
1.106E-5
1.4208E-5
1.7601E-5
1.7601E-5
1.5427E-5
2.2488E-5
1.5938E-5
1.7515E-5
2.4724E-5
2.0898E-5
2.3665E-5
1.6678E-5
2.2145E-5
1.7817E-5
3.3284E-5
2.7634E-5
2.9292E-5
3.1916E-5
3.3577E-5
1.6351E-5
3.0361E-5
2.6759E-5
2.6759E-5

