9.1167E-6
3.9659E-6
1.0783E-5
1.1001E-5
1.2558E-5
7.6347E-6
1.0171E-5
8.8692E-6
9.5512E-6
1.0075E-5
7.4044E-6
4.0842E-6
2.2178E-6
1.0981E-5
1.1421E-5
7.5076E-6
5.1729E-6
6.7756E-6
8.6538E-6
5.3012E-6
8.3362E-6
6.4387E-6
1.1628E-5
9.331E-6
1.0667E-5
8.7349E-6
1.1704E-5
1.2641E-5
1.6349E-5
1.9451E-5
2.3062E-5
2.7517E-5
2.9906E-5
3.7585E-5
4.8329E-5
5.612E-5
7.1743E-5
8.9407E-5
1.1587E-4
1.4299E-4
1.778E-4
2.3051E-4
2.8397E-4
3.4766E-4
4.2567E-4
5.337E-4
6.5477E-4
7.9331E-4
9.5598E-4
0.0011494
0.0014027
0.001681
0.0020055
0.0023927
0.0029451
0.0035133
0.0041963
0.0049645
0.0060068
0.0069896
0.0080342
0.0090839
0.010147
0.010986
0.011593
0.011909
0.011906
0.011526
0.010944
0.010207
0.0094402
0.0085272
0.0078136
0.0072158
0.0067313
0.0062809
0.0059642
0.0056573
0.0053613
0.0050108
0.0046777
0.0043449
0.0040068
0.003595
0.003252
0.0029304
0.0026542
0.0024192
0.0021606
0.0019697
0.0018165
0.0016933
0.0015746
0.0014802
0.0013856
0.0012973
0.0012012
0.0011215
0.0010404
9.6151E-4
8.8961E-4
8.1646E-4
7.5239E-4
7.0054E-4
6.5813E-4
6.1866E-4
5.9824E-4
5.8099E-4
5.6805E-4
5.5529E-4
5.5809E-4
5.5694E-4
5.6221E-4
5.6554E-4
5.7561E-4
5.8617E-4
6.0026E-4
6.134E-4
6.3636E-4
6.5561E-4
6.7832E-4
7.0366E-4
7.2844E-4
7.6035E-4
7.8951E-4
8.2156E-4
8.4794E-4
8.8049E-4
9.0865E-4
9.375E-4
9.6386E-4
9.9028E-4
0.0010144
0.0010396
0.0010625
0.001085
0.0011097
0.0011311
0.0011528
0.0011674
0.0011866
0.0012021
0.0012182
0.0012338
0.0012518
0.0012663
0.0012796
0.0012935
0.001315
0.0013255
0.0013449
0.0013629
0.0013824
0.0013965
0.0014128
0.001424
0.0014349
0.0014421
0.0014523
0.001457
0.0014629
0.0014618
0.0014649
0.0014651
0.0014672
0.0014572
0.0014618
0.0014609
0.001454
0.0014503
0.0014411
0.0014362
0.001426
0.0014099
0.0014019
0.0013792
0.0013603
0.0013422
0.001322
0.0012991
0.0012774
0.0012512
0.0012229
0.0011959
0.001174
0.0011486
0.0011234
0.0010908
0.001064
0.0010314
0.0010007
9.665E-4
9.3284E-4
9.0076E-4
8.619E-4
8.2375E-4
7.8787E-4
7.5318E-4
7.1807E-4
6.8831E-4
6.4789E-4
6.1643E-4
5.8238E-4
5.5381E-4
5.2107E-4
4.8778E-4
4.6128E-4
4.3368E-4
4.0649E-4
3.7887E-4
3.496E-4
3.2391E-4
2.9927E-4
2.738E-4
2.5103E-4
2.2808E-4
2.0668E-4
1.8483E-4
1.6443E-4
1.4814E-4
1.3079E-4
1.1446E-4
1.0152E-4
8.7817E-5
7.6019E-5
6.7119E-5
5.9024E-5
4.9062E-5
4.1871E-5
3.5926E-5
3.0865E-5
2.7381E-5
2.2485E-5
1.9205E-5
1.8174E-5
1.4897E-5
1.4801E-5
1.2986E-5
1.0622E-5
9.6444E-6
8.3601E-6
8.6139E-6
6.4116E-6
6.7341E-6
6.3787E-6
5.6829E-6
5.4966E-6
5.0695E-6
5.0423E-6
3.3168E-6
4.1423E-6
4.0797E-6
3.1639E-6
4.0948E-6
3.5494E-6
3.5708E-6
3.6333E-6
2.9443E-6
2.8877E-6
2.9742E-6
3.058E-6
3.6023E-6
3.0604E-6
2.6977E-6
3.1728E-6
2.2612E-6
4.0411E-6
3.4977E-6
2.817E-6
2.6244E-6
3.3941E-6
3.3077E-6
2.5513E-6
3.5631E-6
4.8826E-6
2.8487E-6
1.2859E-6
2.8184E-6
2.6864E-6
3.0227E-6
3.5686E-6
4.5859E-6
4.0693E-6
3.6515E-6
1.4218E-6
3.5758E-6
2.8227E-6
1.5876E-6
2.3031E-6
2.4021E-6
2.6854E-6
3.0225E-6
3.3649E-6
3.2787E-6
1.6633E-6
2.4132E-6
2.8489E-6
2.3369E-6
2.4948E-6
2.7007E-6
3.9964E-6
1.9688E-6
2.803E-6
2.8437E-6
2.814E-6
1.9791E-6
3.3181E-6
3.5348E-6
4.5323E-6
1.6766E-6
2.1709E-6
3.0417E-6
3.2417E-6
4.9307E-6
3.3487E-6
4.2151E-6
4.9759E-6
6.1587E-6
5.0582E-6
2.3242E-6
3.7242E-6
4.9901E-6
4.3853E-6
4.7705E-6
4.103E-6
1.2248E-6
3.8956E-6
2.9141E-6
2.0449E-6
2.1899E-6
4.7407E-6
3.3358E-6
7.0968E-6
7.6075E-6
6.2197E-6
7.6604E-6
2.2071E-6
4.8736E-6
8.566E-6
2.8877E-6
9.109E-6
7.8591E-6
2.9052E-6
5.2392E-6
4.0625E-6
8.2736E-6
7.6027E-6
3.8464E-6
2.728E-6
6.6037E-6
4.6391E-6
9.1934E-6
6.8469E-6
9.3971E-6
1.2388E-5
8.4289E-6
6.0609E-6
8.2723E-6
8.6955E-6
6.5481E-6
1.2179E-5
1.0826E-5
1.0797E-5
1.2619E-5
7.6386E-6
1.3439E-5
9.1931E-6
1.3103E-5
9.0919E-6
1.6196E-5
1.0813E-5
1.1506E-5
1.5274E-5
1.8827E-5
1.3853E-5
1.4551E-5
1.8785E-5
9.7658E-6
1.9369E-5
1.7558E-5
1.5283E-5
2.3585E-5
1.8337E-5
1.8011E-5
1.9646E-5
1.7419E-5
3.3541E-5
3.6007E-5
2.5243E-5
2.361E-5
3.1081E-5
2.5322E-5
2.0604E-5
2.3364E-5
2.1341E-5
1.7827E-5
1.3808E-5
1.4299E-5
3.1977E-5
2.4439E-5
2.4439E-5

