8.3619E-6
7.1978E-6
1.6864E-5
6.2449E-6
9.2951E-6
9.9317E-6
1.3276E-5
8.828E-6
9.0517E-6
2.7204E-6
1.1073E-5
1.3224E-5
8.6867E-6
1.1773E-5
4.8321E-6
1.0373E-5
1.2465E-5
5.349E-6
3.1152E-6
1.2825E-5
1.0837E-5
1.0594E-5
8.8902E-6
9.8921E-6
1.0023E-5
7.4614E-6
1.7372E-5
1.5209E-5
1.5757E-5
2.2924E-5
2.373E-5
2.7019E-5
2.8646E-5
4.5059E-5
5.1083E-5
5.6481E-5
7.6452E-5
9.6072E-5
1.1595E-4
1.4906E-4
1.8005E-4
2.2949E-4
2.8647E-4
3.4955E-4
4.3004E-4
5.4392E-4
6.5789E-4
8.0141E-4
9.5885E-4
0.0011511
0.0014107
0.00169
0.002023
0.0024064
0.0029578
0.0035218
0.0042094
0.0050019
0.0060414
0.0070448
0.0081002
0.0091578
0.010237
0.011099
0.011699
0.012014
0.012036
0.01166
0.011076
0.010336
0.0095622
0.0086382
0.0079123
0.0073079
0.0068224
0.0063823
0.0060569
0.0057685
0.0054891
0.005121
0.0048056
0.0044816
0.0041394
0.0037362
0.0033836
0.0030706
0.0028052
0.0025783
0.0023181
0.0021371
0.0019951
0.0018748
0.0017683
0.0016857
0.0016007
0.0015186
0.0014301
0.0013521
0.0012696
0.001191
0.0011275
0.0010361
9.8313E-4
9.2536E-4
8.8605E-4
8.4836E-4
8.2469E-4
8.1462E-4
8.1148E-4
8.0824E-4
8.1635E-4
8.2944E-4
8.4624E-4
8.6689E-4
8.9172E-4
9.2409E-4
9.5609E-4
9.9881E-4
0.0010451
0.0010975
0.0011495
0.0012128
0.0012725
0.0013523
0.001423
0.001498
0.0015703
0.0016598
0.0017413
0.0018224
0.0019052
0.001991
0.0020789
0.0021657
0.0022621
0.0023512
0.0024356
0.0025238
0.0026153
0.0027017
0.0027783
0.0028667
0.0029408
0.0030234
0.0030936
0.0031746
0.0032444
0.0033192
0.0033966
0.0034625
0.0035472
0.003617
0.0036828
0.0037474
0.0038124
0.0038683
0.0039163
0.0039661
0.0040023
0.0040439
0.0040673
0.004086
0.0041067
0.0041262
0.0041414
0.0041527
0.0041624
0.0041673
0.0041682
0.0041584
0.0041523
0.0041301
0.0041107
0.0040875
0.0040344
0.003993
0.0039464
0.0038986
0.003831
0.0037615
0.0036983
0.0036285
0.0035561
0.0034809
0.003408
0.0033359
0.0032537
0.0031854
0.0030952
0.0030013
0.0029105
0.002819
0.0027213
0.0026236
0.0025098
0.0024091
0.0023055
0.0022058
0.0021016
0.0020037
0.0018969
0.0017972
0.001705
0.0016132
0.0015228
0.0014318
0.0013434
0.001259
0.0011783
0.0010999
0.0010186
9.4385E-4
8.6984E-4
7.9603E-4
7.2621E-4
6.5956E-4
5.9619E-4
5.3329E-4
4.7967E-4
4.2693E-4
3.7609E-4
3.2886E-4
2.8926E-4
2.5239E-4
2.1864E-4
1.8803E-4
1.6147E-4
1.3845E-4
1.1766E-4
1.0178E-4
8.5842E-5
7.2812E-5
6.0469E-5
5.0779E-5
4.4351E-5
3.7652E-5
3.1055E-5
2.8006E-5
2.2289E-5
2.0392E-5
1.7892E-5
1.4403E-5
1.1643E-5
9.9803E-6
1.1018E-5
1.0828E-5
9.2726E-6
9.1616E-6
6.962E-6
7.3463E-6
7.4918E-6
6.6726E-6
6.3547E-6
6.0249E-6
3.7881E-6
6.9998E-6
5.5464E-6
3.7108E-6
4.1668E-6
5.1182E-6
4.1714E-6
4.7688E-6
4.4348E-6
3.9554E-6
5.7292E-6
4.9519E-6
3.7424E-6
4.167E-6
3.544E-6
4.408E-6
4.9293E-6
5.3689E-6
3.4797E-6
2.0947E-6
5.2453E-6
3.349E-6
3.8753E-6
3.696E-6
4.5328E-6
4.2196E-6
3.9526E-6
3.7871E-6
3.1137E-6
4.3542E-6
3.7061E-6
4.8489E-6
1.9867E-6
3.9244E-6
3.5129E-6
3.7194E-6
3.9319E-6
2.6949E-6
4.2565E-6
3.2314E-6
4.0523E-6
4.0502E-6
4.8844E-6
4.926E-6
2.9671E-6
3.5591E-6
2.636E-6
4.6022E-6
5.2541E-6
4.8052E-6
5.5582E-6
6.7202E-6
5.7344E-6
3.085E-6
5.7371E-6
5.0108E-6
4.2048E-6
4.0859E-6
5.9347E-6
6.9673E-6
4.8764E-6
6.3699E-6
6.1258E-6
5.63E-6
4.0609E-6
5.9025E-6
6.4512E-6
8.3595E-6
1.0448E-5
5.2162E-6
6.102E-6
1.0136E-5
9.0656E-6
6.676E-6
7.8997E-6
8.6244E-6
6.8599E-6
1.1746E-5
7.4707E-6
9.0604E-6
6.1171E-6
7.0966E-6
8.7892E-6
9.8714E-6
9.5262E-6
8.9039E-6
8.9139E-6
7.6388E-6
9.5519E-6
1.2677E-5
1.1422E-5
1.0719E-5
7.4534E-6
6.4631E-6
9.3313E-6
1.0373E-5
9.6617E-6
1.0438E-5
1.1618E-5
1.1079E-5
1.1261E-5
1.2912E-5
1.1679E-5
1.4682E-5
1.0672E-5
1.2382E-5
1.4065E-5
1.3351E-5
1.1431E-5
1.3229E-5
1.297E-5
1.9523E-5
1.3087E-5
1.0501E-5
1.3096E-5
2.1223E-5
1.4241E-5
1.6855E-5
2.0382E-5
2.4831E-5
2.141E-5
2.4337E-5
2.4174E-5
1.9833E-5
1.9688E-5
7.7041E-6
7.0594E-6
2.1663E-5
2.3126E-5
2.188E-5
2.8076E-5
2.8869E-5
2.7518E-5
2.5095E-5
2.6485E-5
2.841E-5
2.288E-5
2.7747E-5
2.7022E-5
3.1177E-5
2.9947E-5
3.5453E-5
4.6321E-5
3.185E-5
3.477E-5
4.2861E-5
4.2861E-5
