0.0
4.7136E-6
8.827E-6
5.9941E-6
7.1895E-6
5.2107E-6
2.5995E-6
1.2203E-5
6.9154E-6
8.9134E-6
9.3372E-6
7.3195E-6
4.3088E-6
4.0549E-6
8.3027E-6
1.6544E-6
5.1995E-6
3.4932E-6
4.757E-6
4.6611E-6
6.1046E-6
9.8302E-6
7.756E-6
6.9242E-6
3.3293E-6
5.2425E-6
6.9568E-6
3.4617E-6
7.7105E-6
6.1758E-6
1.1731E-5
1.2363E-5
1.3706E-5
1.4338E-5
1.6664E-5
2.213E-5
2.9182E-5
3.2222E-5
4.5728E-5
5.1461E-5
6.257E-5
8.5557E-5
1.0261E-4
1.3087E-4
1.5874E-4
1.9898E-4
2.4559E-4
2.9855E-4
3.5393E-4
4.2514E-4
5.2577E-4
6.3418E-4
7.597E-4
9.0408E-4
0.0011172
0.0013394
0.0015961
0.0018967
0.0022912
0.0026832
0.003089
0.003496
0.00394
0.0042584
0.0045072
0.0046353
0.0046399
0.0044825
0.0042589
0.0039806
0.0036832
0.0033416
0.0030755
0.0028555
0.0026718
0.0025055
0.002386
0.0022936
0.0021936
0.0020715
0.0019542
0.00184
0.0017204
0.0015828
0.0014549
0.0013401
0.0012505
0.001181
0.001097
0.0010416
9.9996E-4
9.7082E-4
9.473E-4
9.241E-4
9.0957E-4
8.9048E-4
8.6797E-4
8.422E-4
8.1704E-4
7.883E-4
7.5886E-4
7.273E-4
7.0337E-4
6.7809E-4
6.6268E-4
6.5368E-4
6.5384E-4
6.5206E-4
6.6096E-4
6.7424E-4
6.8467E-4
7.1159E-4
7.3527E-4
7.644E-4
7.9926E-4
8.4202E-4
8.8632E-4
9.3488E-4
9.9562E-4
0.0010574
0.0011217
0.0011956
0.0012779
0.0013645
0.0014558
0.0015505
0.0016501
0.00176
0.0018677
0.0019763
0.0020865
0.0022084
0.0023378
0.0024593
0.0025894
0.0027196
0.002851
0.0029795
0.0031087
0.0032396
0.0033671
0.003494
0.0036214
0.0037362
0.0038501
0.0039624
0.0040822
0.0041875
0.0043019
0.0044114
0.0045336
0.0046339
0.0047395
0.0048343
0.004925
0.0050078
0.0050806
0.0051383
0.005206
0.00526
0.0053048
0.0053506
0.0053837
0.0054185
0.0054442
0.0054657
0.0054821
0.0054948
0.0055073
0.0055073
0.0054852
0.0054652
0.0054471
0.0054084
0.0053611
0.0053039
0.005247
0.0051711
0.0050899
0.0049901
0.0049146
0.0048205
0.0047244
0.004634
0.0045236
0.0044218
0.0043261
0.0042134
0.004107
0.0039756
0.0038614
0.0037416
0.0036119
0.003488
0.0033467
0.0032038
0.0030675
0.0029381
0.0028001
0.0026674
0.0025253
0.0023971
0.0022704
0.002146
0.0020246
0.0019025
0.0017888
0.0016812
0.0015728
0.001465
0.0013526
0.0012538
0.0011549
0.0010601
9.7169E-4
8.8382E-4
7.9281E-4
7.1197E-4
6.3805E-4
5.6916E-4
5.0591E-4
4.3883E-4
3.8392E-4
3.3459E-4
2.8995E-4
2.5057E-4
2.1496E-4
1.8513E-4
1.5719E-4
1.3478E-4
1.1471E-4
9.5896E-5
8.0265E-5
6.7102E-5
5.5989E-5
4.8528E-5
3.9519E-5
3.5302E-5
3.0279E-5
2.5246E-5
2.2576E-5
1.9383E-5
1.6093E-5
1.4589E-5
1.3363E-5
1.1447E-5
1.0843E-5
1.065E-5
9.2474E-6
9.8348E-6
7.4931E-6
7.6044E-6
7.5512E-6
7.3266E-6
7.1346E-6
6.7382E-6
6.0928E-6
6.1265E-6
5.8139E-6
6.4105E-6
5.2961E-6
3.9342E-6
5.7285E-6
4.8903E-6
5.4322E-6
5.7545E-6
6.0577E-6
6.3644E-6
5.0885E-6
4.6287E-6
3.8712E-6
3.6389E-6
4.1703E-6
4.2575E-6
1.4737E-6
2.7275E-6
4.7233E-6
3.7755E-6
3.2383E-6
2.6547E-6
3.0652E-6
3.5813E-6
2.5274E-6
4.2465E-6
3.2263E-6
3.9876E-6
2.5942E-6
2.8732E-6
2.8189E-6
3.872E-6
3.0991E-6
3.2347E-6
3.1687E-6
3.8947E-6
3.9618E-6
5.3475E-6
4.947E-6
4.554E-6
4.2119E-6
4.9852E-6
2.1734E-6
4.4934E-6
4.3232E-6
4.7777E-6
4.8199E-6
6.276E-6
5.5914E-6
4.7577E-6
5.0344E-6
4.099E-6
4.6998E-6
6.4253E-6
6.9635E-6
5.8287E-6
3.3959E-6
7.024E-6
7.2079E-6
6.0075E-6
6.1168E-6
3.6931E-6
5.6607E-6
7.438E-6
1.1423E-5
8.2643E-6
8.4234E-6
7.736E-6
9.5004E-6
8.4213E-6
6.7604E-6
7.8922E-6
9.7558E-6
7.0555E-6
8.7436E-6
7.0233E-6
7.0935E-6
8.5778E-6
1.0944E-5
9.4127E-6
6.415E-6
7.5428E-6
1.1083E-5
1.0366E-5
9.1203E-6
9.1634E-6
1.4864E-5
1.0491E-5
1.3277E-5
9.3612E-6
8.0791E-6
8.3198E-6
8.8021E-6
1.2312E-5
8.8607E-6
6.5415E-6
1.2498E-5
6.6275E-6
1.2033E-5
1.1896E-5
1.1364E-5
3.8357E-6
9.19E-6
9.9094E-6
1.1246E-5
1.4098E-5
1.2141E-5
7.4019E-6
9.5623E-6
1.1087E-5
5.1769E-6
1.3624E-5
1.4185E-5
1.6219E-5
1.8668E-5
1.8154E-5
1.836E-5
2.1245E-5
1.313E-5
2.0031E-5
2.0493E-5
1.9816E-5
1.8509E-5
1.5728E-5
1.8827E-5
2.5471E-5
2.489E-5
2.5266E-5
2.9093E-5
2.5869E-5
1.3875E-5
2.3298E-5
2.7448E-5
3.5495E-5
2.9685E-5
3.0143E-5
3.1956E-5
3.6899E-5
3.8451E-5
2.9978E-5
2.7708E-5
3.5587E-5
3.5587E-5
