4.1834E-6
4.1727E-6
6.1876E-6
4.5694E-6
1.4852E-6
3.0464E-6
0.0
2.8371E-6
3.7835E-6
2.3864E-6
2.5757E-6
3.4557E-6
1.5772E-6
8.5118E-7
1.0172E-6
3.6177E-6
3.8168E-6
3.4422E-6
1.6901E-6
9.5504E-7
5.108E-6
0.0
6.9008E-6
0.0
3.4571E-6
2.2674E-6
5.4624E-6
3.0825E-6
2.185E-7
5.2026E-6
4.1209E-6
4.255E-6
2.1777E-7
4.1769E-6
1.6034E-6
4.6139E-6
9.8598E-8
2.0027E-6
3.2867E-6
5.0097E-6
3.5505E-6
8.0075E-6
5.8949E-6
6.178E-6
9.6747E-6
1.1415E-5
1.7203E-5
1.8459E-5
1.9317E-5
2.4585E-5
3.1561E-5
3.7153E-5
4.5691E-5
5.6475E-5
6.8865E-5
8.553E-5
1.0525E-4
1.3339E-4
1.6281E-4
1.931E-4
2.2811E-4
2.6541E-4
3.0883E-4
3.4185E-4
3.701E-4
3.9295E-4
4.0445E-4
3.9624E-4
3.8641E-4
3.6342E-4
3.4083E-4
3.1665E-4
2.9401E-4
2.8104E-4
2.7172E-4
2.6819E-4
2.6789E-4
2.7283E-4
2.7684E-4
2.9023E-4
2.9304E-4
3.0202E-4
3.0726E-4
3.1247E-4
3.1409E-4
3.1966E-4
3.2454E-4
3.2877E-4
3.4108E-4
3.5067E-4
3.6554E-4
3.8464E-4
4.0701E-4
4.2093E-4
4.4014E-4
4.5644E-4
4.6317E-4
4.7138E-4
4.7772E-4
4.7694E-4
4.7247E-4
4.6666E-4
4.6355E-4
4.586E-4
4.5853E-4
4.5789E-4
4.6717E-4
4.7807E-4
4.883E-4
5.0681E-4
5.2582E-4
5.4674E-4
5.7329E-4
6.0613E-4
6.3767E-4
6.7698E-4
7.2022E-4
7.6941E-4
8.2273E-4
8.8107E-4
9.459E-4
0.0010156
0.0010896
0.0011752
0.0012595
0.0013469
0.0014436
0.0015535
0.0016566
0.0017586
0.0018792
0.0019865
0.0021181
0.0022453
0.0023754
0.0025075
0.0026396
0.0027668
0.0029047
0.0030383
0.0031661
0.0033007
0.0034208
0.0035411
0.0036567
0.0037764
0.0038867
0.0040105
0.0041231
0.004235
0.0043521
0.0044578
0.0045707
0.0046658
0.0047509
0.0048393
0.0049151
0.0049851
0.0050467
0.0051064
0.0051495
0.0052014
0.0052296
0.0052715
0.0052942
0.0053243
0.0053391
0.005352
0.0053663
0.005363
0.005362
0.0053409
0.0053114
0.005277
0.0052221
0.0051791
0.0051135
0.0050463
0.0049683
0.0048848
0.0048027
0.0047108
0.0046191
0.0045301
0.0044297
0.0043226
0.0042293
0.0041253
0.0040212
0.003892
0.0037791
0.0036581
0.0035368
0.0034134
0.0032729
0.0031387
0.0030102
0.0028793
0.0027478
0.0026194
0.0024838
0.0023648
0.0022493
0.0021308
0.0020231
0.001907
0.0018093
0.0017053
0.0016081
0.0015127
0.0014175
0.0013306
0.0012387
0.0011549
0.0010766
9.9873E-4
9.1536E-4
8.4221E-4
7.742E-4
7.1415E-4
6.5129E-4
5.9338E-4
5.4414E-4
4.9339E-4
4.5324E-4
4.1682E-4
3.8093E-4
3.5199E-4
3.2602E-4
3.0486E-4
2.8207E-4
2.6783E-4
2.4911E-4
2.3515E-4
2.2142E-4
2.122E-4
2.0245E-4
1.9348E-4
1.8569E-4
1.7827E-4
1.7253E-4
1.667E-4
1.6271E-4
1.5759E-4
1.5327E-4
1.4856E-4
1.4448E-4
1.4216E-4
1.3411E-4
1.3402E-4
1.299E-4
1.2683E-4
1.2376E-4
1.2161E-4
1.1604E-4
1.1758E-4
1.1245E-4
1.0983E-4
1.0814E-4
1.0475E-4
1.0304E-4
9.9795E-5
9.8908E-5
9.5203E-5
9.1026E-5
9.024E-5
8.8314E-5
8.4725E-5
8.2388E-5
8.1109E-5
7.9075E-5
7.5157E-5
7.3704E-5
6.985E-5
6.8986E-5
6.7603E-5
6.6575E-5
6.4828E-5
6.3451E-5
6.2242E-5
5.9006E-5
6.0435E-5
5.8224E-5
5.7522E-5
5.5169E-5
5.3117E-5
5.1595E-5
5.1083E-5
4.9748E-5
4.7193E-5
4.881E-5
4.6442E-5
4.5271E-5
4.3768E-5
4.0243E-5
3.9146E-5
4.0743E-5
3.7143E-5
3.6514E-5
3.628E-5
3.8244E-5
3.3505E-5
3.1693E-5
3.4385E-5
3.3702E-5
3.2525E-5
3.0425E-5
3.176E-5
3.007E-5
2.9796E-5
2.8542E-5
2.7857E-5
2.6372E-5
2.5396E-5
2.6906E-5
2.5409E-5
2.4629E-5
2.4103E-5
2.484E-5
2.3031E-5
2.3203E-5
2.284E-5
2.4226E-5
2.2375E-5
2.4389E-5
2.452E-5
2.3884E-5
2.2702E-5
2.392E-5
1.8914E-5
2.2501E-5
2.5765E-5
1.9784E-5
2.0366E-5
1.819E-5
1.7433E-5
1.9898E-5
2.043E-5
1.849E-5
1.8744E-5
1.9657E-5
1.9409E-5
1.8069E-5
1.89E-5
2.157E-5
1.9713E-5
1.7838E-5
1.3393E-5
1.3016E-5
1.6721E-5
1.5263E-5
1.2175E-5
1.2123E-5
1.3559E-5
1.2859E-5
1.9933E-5
1.5518E-5
1.2564E-5
1.8369E-5
1.4966E-5
1.5198E-5
1.6484E-5
1.5945E-5
1.681E-5
1.6563E-5
1.5767E-5
1.5121E-5
1.7717E-5
1.2902E-5
1.0001E-5
1.5589E-5
1.2768E-5
2.0232E-5
2.3306E-5
1.993E-5
2.3351E-5
2.4356E-5
1.9193E-5
2.2609E-5
2.146E-5
1.4013E-5
1.9321E-5
1.9453E-5
2.4769E-5
3.1125E-5
3.1769E-5
1.9089E-5
2.881E-5
1.3499E-5
2.615E-5
3.6389E-5
2.7008E-5
2.7539E-5
2.5138E-5
3.054E-5
3.4121E-5
3.2624E-5
3.2839E-5
1.5412E-5
2.2557E-5
2.2557E-5
