0.0
2.6319E-7
0.0
2.5333E-7
0.0
0.0
1.6071E-7
1.7396E-7
9.8594E-8
0.0
0.0
1.2035E-7
3.4351E-8
2.2596E-7
2.9149E-8
4.7339E-8
0.0
1.622E-7
7.1527E-8
2.1033E-8
6.6234E-8
1.5791E-7
1.0496E-7
5.539E-8
9.6491E-8
0.0
1.0149E-7
1.2642E-7
1.6215E-7
3.2142E-7
1.7672E-7
2.5851E-7
3.7986E-7
3.7759E-7
5.143E-7
4.4823E-7
6.8881E-7
7.0316E-7
8.5327E-7
1.1483E-6
1.4166E-6
1.7145E-6
1.99E-6
2.2338E-6
2.5458E-6
3.1917E-6
3.6418E-6
4.263E-6
4.9545E-6
5.64E-6
6.624E-6
7.5903E-6
8.6619E-6
1.0063E-5
1.2089E-5
1.3638E-5
1.5865E-5
1.8178E-5
2.1278E-5
2.4137E-5
2.6952E-5
2.9795E-5
3.2273E-5
3.3949E-5
3.4905E-5
3.5252E-5
3.4554E-5
3.2608E-5
3.0228E-5
2.7484E-5
2.4952E-5
2.1605E-5
1.9608E-5
1.7642E-5
1.5965E-5
1.4862E-5
1.3922E-5
1.2958E-5
1.2148E-5
1.1126E-5
1.0446E-5
9.5172E-6
8.6288E-6
7.7634E-6
6.9347E-6
6.1474E-6
5.5226E-6
5.1447E-6
4.5699E-6
4.1509E-6
3.8964E-6
3.6353E-6
3.5363E-6
3.2444E-6
3.0755E-6
2.9493E-6
2.7441E-6
2.5366E-6
2.3333E-6
2.2685E-6
2.0765E-6
2.002E-6
1.812E-6
1.7358E-6
1.5853E-6
1.5866E-6
1.5902E-6
1.4746E-6
1.4835E-6
1.4836E-6
1.4299E-6
1.5035E-6
1.4685E-6
1.5412E-6
1.6068E-6
1.6384E-6
1.6719E-6
1.6039E-6
1.806E-6
1.8E-6
1.9515E-6
1.989E-6
2.1595E-6
2.2487E-6
2.3094E-6
2.5135E-6
2.5851E-6
2.7345E-6
2.8499E-6
2.9442E-6
3.0689E-6
3.3086E-6
3.4452E-6
3.5414E-6
3.6718E-6
3.8059E-6
3.9874E-6
4.1835E-6
4.1922E-6
4.2832E-6
4.4804E-6
4.5003E-6
4.6644E-6
4.7881E-6
4.8293E-6
5.015E-6
5.0135E-6
5.0644E-6
5.2087E-6
5.3143E-6
5.3359E-6
5.4381E-6
5.5068E-6
5.543E-6
5.542E-6
5.635E-6
5.626E-6
5.6566E-6
5.651E-6
5.8189E-6
5.7428E-6
5.7881E-6
5.7748E-6
5.6969E-6
5.7195E-6
5.7512E-6
5.6664E-6
5.714E-6
5.6607E-6
5.647E-6
5.6017E-6
5.5521E-6
5.5363E-6
5.4928E-6
5.3664E-6
5.3044E-6
5.1697E-6
5.1621E-6
5.0704E-6
4.9531E-6
4.9488E-6
4.8101E-6
4.7883E-6
4.6925E-6
4.6037E-6
4.6399E-6
4.5883E-6
4.5457E-6
4.5849E-6
4.6196E-6
4.8048E-6
5.108E-6
5.7217E-6
6.4876E-6
7.8169E-6
9.4311E-6
1.1779E-5
1.4763E-5
1.8753E-5
2.3535E-5
2.9582E-5
3.6322E-5
4.3858E-5
5.2681E-5
6.2169E-5
7.3331E-5
8.452E-5
9.6545E-5
1.0933E-4
1.2231E-4
1.3611E-4
1.4931E-4
1.6194E-4
1.7405E-4
1.849E-4
1.9523E-4
2.0374E-4
2.1175E-4
2.1825E-4
2.2465E-4
2.2987E-4
2.3405E-4
2.3755E-4
2.4026E-4
2.4223E-4
2.4387E-4
2.448E-4
2.4629E-4
2.4759E-4
2.4766E-4
2.4769E-4
2.4755E-4
2.4531E-4
2.4251E-4
2.3941E-4
2.3627E-4
2.3148E-4
2.2797E-4
2.24E-4
2.2054E-4
2.1732E-4
2.1351E-4
2.0966E-4
2.0481E-4
2.007E-4
1.9586E-4
1.9172E-4
1.8743E-4
1.8286E-4
1.7882E-4
1.7526E-4
1.7175E-4
1.6819E-4
1.6467E-4
1.6079E-4
1.5708E-4
1.5359E-4
1.5022E-4
1.463E-4
1.4303E-4
1.3958E-4
1.3636E-4
1.3295E-4
1.2973E-4
1.2627E-4
1.2263E-4
1.1944E-4
1.1557E-4
1.117E-4
1.0802E-4
1.0466E-4
1.0184E-4
9.8984E-5
9.6448E-5
9.3886E-5
9.1604E-5
8.9636E-5
8.7696E-5
8.5979E-5
8.397E-5
8.2404E-5
8.0296E-5
7.8006E-5
7.5937E-5
7.3818E-5
7.1897E-5
6.975E-5
6.7993E-5
6.5936E-5
6.4179E-5
6.2528E-5
6.0718E-5
5.8667E-5
5.6878E-5
5.5181E-5
5.3517E-5
5.1814E-5
5.0297E-5
4.8736E-5
4.7244E-5
4.6144E-5
4.4675E-5
4.3638E-5
4.2404E-5
4.1262E-5
4.0203E-5
3.9044E-5
3.7951E-5
3.6801E-5
3.5779E-5
3.4594E-5
3.3535E-5
3.2721E-5
3.1971E-5
3.1094E-5
3.0156E-5
2.9265E-5
2.8381E-5
2.762E-5
2.6615E-5
2.6144E-5
2.5364E-5
2.4666E-5
2.3728E-5
2.2993E-5
2.231E-5
2.1646E-5
2.1061E-5
2.0595E-5
1.9845E-5
1.9461E-5
1.9171E-5
1.8693E-5
1.8201E-5
1.7854E-5
1.7678E-5
1.7208E-5
1.7004E-5
1.6757E-5
1.626E-5
1.599E-5
1.5654E-5
1.5492E-5
1.5084E-5
1.4953E-5
1.4569E-5
1.4393E-5
1.4455E-5
1.3847E-5
1.3699E-5
1.3523E-5
1.348E-5
1.3168E-5
1.2959E-5
1.2853E-5
1.2869E-5
1.2467E-5
1.2474E-5
1.248E-5
1.2578E-5
1.2657E-5
1.2719E-5
1.2563E-5
1.2729E-5
1.3064E-5
1.2842E-5
1.3303E-5
1.3172E-5
1.3263E-5
1.3713E-5
1.3787E-5
1.4203E-5
1.4342E-5
1.4449E-5
1.4557E-5
1.4673E-5
1.5192E-5
1.5428E-5
1.5663E-5
1.6206E-5
1.6352E-5
1.6243E-5
1.6437E-5
1.688E-5
1.722E-5
1.7381E-5
1.8111E-5
1.7929E-5
1.8342E-5
1.8882E-5
1.8889E-5
1.9285E-5
1.8949E-5
1.9619E-5
2.0086E-5
2.0243E-5
2.0552E-5
2.046E-5
2.0886E-5
2.1319E-5
2.1319E-5
