1.3758E-6
1.9297E-6
8.5657E-7
1.1409E-6
6.0245E-7
7.0315E-7
1.625E-6
9.407E-7
1.1884E-6
4.1542E-7
2.4594E-7
2.2426E-7
8.6513E-7
9.0525E-7
6.8306E-7
4.8486E-7
8.1535E-7
9.6144E-7
1.0057E-6
8.4389E-7
7.8951E-7
7.1396E-7
8.7747E-7
9.199E-7
1.4118E-6
1.2176E-6
1.3733E-6
1.6463E-6
1.6307E-6
3.0596E-6
3.2458E-6
3.8176E-6
4.4117E-6
5.2302E-6
6.695E-6
8.2614E-6
1.072E-5
1.3305E-5
1.7046E-5
2.1356E-5
2.5663E-5
3.2938E-5
4.0677E-5
5.0666E-5
6.184E-5
7.7082E-5
9.3815E-5
1.1334E-4
1.3706E-4
1.6312E-4
2.0205E-4
2.3824E-4
2.8477E-4
3.4077E-4
4.1704E-4
4.9677E-4
5.9125E-4
7.0253E-4
8.4475E-4
9.8564E-4
0.0011328
0.0012804
0.0014322
0.0015458
0.0016282
0.0016654
0.0016562
0.001598
0.0015144
0.001406
0.001297
0.0011722
0.0010778
9.9655E-4
9.3188E-4
8.6972E-4
8.2442E-4
7.834E-4
7.4208E-4
6.8832E-4
6.4056E-4
5.9295E-4
5.419E-4
4.8716E-4
4.3827E-4
3.9309E-4
3.5683E-4
3.2358E-4
2.8779E-4
2.6123E-4
2.4021E-4
2.2238E-4
2.0369E-4
1.9062E-4
1.7695E-4
1.6415E-4
1.5042E-4
1.3899E-4
1.2763E-4
1.1707E-4
1.0703E-4
9.7051E-5
8.8935E-5
8.1576E-5
7.52E-5
7.0122E-5
6.6909E-5
6.3696E-5
6.0977E-5
5.938E-5
5.8721E-5
5.8148E-5
5.7714E-5
5.7304E-5
5.7453E-5
5.7602E-5
5.8465E-5
5.8799E-5
5.907E-5
6.0401E-5
6.1642E-5
6.2315E-5
6.3341E-5
6.463E-5
6.5519E-5
6.6229E-5
6.7035E-5
6.7736E-5
6.8174E-5
6.8262E-5
6.818E-5
6.7579E-5
6.6239E-5
6.5711E-5
6.4392E-5
6.3099E-5
6.1779E-5
5.9898E-5
5.7899E-5
5.56E-5
5.4169E-5
5.1586E-5
4.9317E-5
4.7358E-5
4.5379E-5
4.3459E-5
4.1089E-5
3.9542E-5
3.7279E-5
3.5534E-5
3.3577E-5
3.2414E-5
3.0814E-5
2.9458E-5
2.8077E-5
2.6277E-5
2.5118E-5
2.3615E-5
2.2283E-5
2.1242E-5
2.0023E-5
1.8913E-5
1.7514E-5
1.6533E-5
1.5495E-5
1.4245E-5
1.3168E-5
1.2406E-5
1.1664E-5
1.0726E-5
1.0276E-5
9.5379E-6
9.0161E-6
8.6563E-6
7.8708E-6
7.3885E-6
7.0547E-6
7.0044E-6
6.4822E-6
6.3499E-6
6.022E-6
5.79E-6
5.6116E-6
5.5038E-6
5.5849E-6
5.2468E-6
5.1332E-6
5.1683E-6
5.221E-6
5.6988E-6
5.8877E-6
6.5426E-6
7.6625E-6
9.1252E-6
1.1407E-5
1.4427E-5
1.8737E-5
2.4265E-5
3.1191E-5
3.9587E-5
5.0202E-5
6.2304E-5
7.6351E-5
9.1714E-5
1.0873E-4
1.2835E-4
1.4795E-4
1.6919E-4
1.9113E-4
2.1408E-4
2.3934E-4
2.6164E-4
2.8484E-4
3.0626E-4
3.261E-4
3.4362E-4
3.5983E-4
3.7281E-4
3.8523E-4
3.9694E-4
4.0546E-4
4.1365E-4
4.1873E-4
4.2486E-4
4.2864E-4
4.3074E-4
4.3277E-4
4.3471E-4
4.3731E-4
4.3814E-4
4.3759E-4
4.371E-4
4.3364E-4
4.2838E-4
4.2307E-4
4.1634E-4
4.0914E-4
4.0252E-4
3.9605E-4
3.9002E-4
3.8383E-4
3.7765E-4
3.6989E-4
3.6232E-4
3.5467E-4
3.4568E-4
3.3832E-4
3.3071E-4
3.2359E-4
3.1643E-4
3.097E-4
3.036E-4
2.9746E-4
2.9105E-4
2.8493E-4
2.7716E-4
2.7134E-4
2.658E-4
2.5901E-4
2.5244E-4
2.4751E-4
2.413E-4
2.3578E-4
2.3021E-4
2.2339E-4
2.1751E-4
2.1099E-4
2.0446E-4
1.9762E-4
1.9137E-4
1.8519E-4
1.7975E-4
1.7457E-4
1.7083E-4
1.6557E-4
1.6192E-4
1.5866E-4
1.5522E-4
1.5134E-4
1.4861E-4
1.4541E-4
1.4189E-4
1.3841E-4
1.3468E-4
1.3058E-4
1.2801E-4
1.2336E-4
1.2064E-4
1.1707E-4
1.1392E-4
1.1055E-4
1.0736E-4
1.0413E-4
1.0098E-4
9.7623E-5
9.4657E-5
9.1622E-5
8.8964E-5
8.6463E-5
8.3869E-5
8.174E-5
7.9528E-5
7.6973E-5
7.5229E-5
7.2956E-5
7.1105E-5
6.8977E-5
6.7582E-5
6.4757E-5
6.3318E-5
6.1572E-5
5.9506E-5
5.8285E-5
5.6926E-5
5.5155E-5
5.3793E-5
5.198E-5
5.0391E-5
4.8604E-5
4.7682E-5
4.6091E-5
4.4436E-5
4.2907E-5
4.1829E-5
4.0455E-5
3.9267E-5
3.7502E-5
3.6452E-5
3.6064E-5
3.4635E-5
3.3542E-5
3.3035E-5
3.229E-5
3.1755E-5
3.0619E-5
2.9635E-5
2.9462E-5
2.9363E-5
2.8297E-5
2.8137E-5
2.7422E-5
2.6823E-5
2.5889E-5
2.5072E-5
2.4614E-5
2.45E-5
2.3978E-5
2.3903E-5
2.2818E-5
2.2463E-5
2.1812E-5
2.1773E-5
2.0761E-5
2.0247E-5
2.0128E-5
2.0074E-5
1.9927E-5
1.9788E-5
1.886E-5
1.9159E-5
1.9077E-5
1.8536E-5
1.8305E-5
1.8887E-5
1.7734E-5
1.7836E-5
1.8233E-5
1.87E-5
1.8135E-5
1.8082E-5
1.833E-5
1.8183E-5
1.8827E-5
1.9034E-5
1.8733E-5
1.8707E-5
1.8992E-5
1.8865E-5
1.9279E-5
2.0148E-5
1.9776E-5
2.0779E-5
2.1331E-5
1.9867E-5
2.0482E-5
2.1827E-5
2.1014E-5
2.1386E-5
2.0315E-5
2.2129E-5
2.1104E-5
2.1284E-5
2.2154E-5
2.2775E-5
2.2481E-5
2.2208E-5
2.1939E-5
2.2516E-5
2.2258E-5
2.2015E-5
2.2015E-5
