1.3149E-5
9.8746E-6
1.4153E-5
8.131E-6
9.1103E-6
1.0595E-5
1.2522E-5
1.3077E-5
9.3501E-6
4.9347E-6
9.1287E-6
3.5116E-6
3.3215E-6
1.3059E-5
1.3229E-5
8.5002E-6
8.0152E-6
7.6658E-6
6.9027E-6
1.2512E-5
8.894E-6
1.0624E-5
9.0903E-6
7.9554E-6
1.4027E-5
8.2429E-6
1.5235E-5
1.5581E-5
1.5907E-5
1.6648E-5
2.2916E-5
2.8997E-5
3.8249E-5
4.5502E-5
5.349E-5
6.7552E-5
8.0701E-5
9.8722E-5
1.3108E-4
1.6064E-4
1.9717E-4
2.52E-4
3.1543E-4
3.8382E-4
4.674E-4
5.9282E-4
7.3004E-4
8.7948E-4
0.0010524
0.0012668
0.0015564
0.0018571
0.0022078
0.0026348
0.0032331
0.0038656
0.0046081
0.0054526
0.0065891
0.0076686
0.0087951
0.0099229
0.011113
0.012022
0.012669
0.013002
0.013011
0.012572
0.011965
0.011136
0.010293
0.0092781
0.0084914
0.007824
0.0073056
0.0068081
0.006466
0.0061333
0.0058149
0.0054141
0.0050589
0.0046835
0.0043101
0.0038387
0.0034648
0.0031166
0.0028101
0.0025434
0.0022708
0.0020574
0.0018855
0.0017402
0.0016084
0.001495
0.00139
0.0012872
0.0011763
0.0010906
0.0010004
9.1602E-4
8.3081E-4
7.5431E-4
6.884E-4
6.3476E-4
5.8782E-4
5.4745E-4
5.1828E-4
4.9387E-4
4.7635E-4
4.6322E-4
4.5685E-4
4.5216E-4
4.4516E-4
4.433E-4
4.3796E-4
4.4031E-4
4.4679E-4
4.5095E-4
4.5654E-4
4.6075E-4
4.688E-4
4.7631E-4
4.8214E-4
4.8942E-4
5.0166E-4
5.0935E-4
5.1191E-4
5.1618E-4
5.1655E-4
5.1725E-4
5.1072E-4
5.0868E-4
5.0021E-4
4.8948E-4
4.7683E-4
4.6714E-4
4.5284E-4
4.3634E-4
4.2154E-4
4.048E-4
3.8939E-4
3.7048E-4
3.5245E-4
3.3563E-4
3.1927E-4
2.9941E-4
2.8377E-4
2.6707E-4
2.548E-4
2.3985E-4
2.2389E-4
2.1075E-4
2.0001E-4
1.8969E-4
1.7608E-4
1.6447E-4
1.5448E-4
1.4512E-4
1.34E-4
1.2523E-4
1.1439E-4
1.0549E-4
9.6133E-5
8.6578E-5
7.9522E-5
7.2268E-5
6.3336E-5
5.7324E-5
5.1554E-5
4.3787E-5
3.9695E-5
3.6555E-5
3.0519E-5
2.7402E-5
2.5325E-5
2.3262E-5
2.0273E-5
1.702E-5
1.5665E-5
1.4723E-5
1.3713E-5
1.2585E-5
1.0908E-5
9.2345E-6
9.1131E-6
8.4415E-6
9.3094E-6
8.9717E-6
8.652E-6
9.1002E-6
9.1753E-6
1.056E-5
1.1089E-5
1.2538E-5
1.5122E-5
1.957E-5
2.4587E-5
3.2947E-5
4.2184E-5
5.2278E-5
6.7846E-5
8.2371E-5
1.0037E-4
1.2133E-4
1.4475E-4
1.699E-4
1.9696E-4
2.2603E-4
2.5401E-4
2.8604E-4
3.1593E-4
3.488E-4
3.7858E-4
4.0602E-4
4.3331E-4
4.5563E-4
4.754E-4
4.9321E-4
5.094E-4
5.2299E-4
5.3683E-4
5.4529E-4
5.5506E-4
5.6141E-4
5.6562E-4
5.6731E-4
5.7223E-4
5.7528E-4
5.7646E-4
5.7889E-4
5.7887E-4
5.7667E-4
5.7202E-4
5.6383E-4
5.596E-4
5.4962E-4
5.4338E-4
5.3346E-4
5.2426E-4
5.1705E-4
5.0645E-4
4.9689E-4
4.8947E-4
4.7947E-4
4.6893E-4
4.5672E-4
4.4876E-4
4.3676E-4
4.2867E-4
4.162E-4
4.1084E-4
4.03E-4
3.9421E-4
3.8885E-4
3.7539E-4
3.6807E-4
3.5976E-4
3.5105E-4
3.4504E-4
3.3542E-4
3.2577E-4
3.2097E-4
3.1335E-4
3.0652E-4
2.9663E-4
2.8829E-4
2.7924E-4
2.7188E-4
2.6114E-4
2.5289E-4
2.4463E-4
2.3819E-4
2.3168E-4
2.2624E-4
2.1959E-4
2.1534E-4
2.1001E-4
2.0864E-4
2.0337E-4
1.9802E-4
1.9321E-4
1.8751E-4
1.8517E-4
1.8056E-4
1.7455E-4
1.6622E-4
1.6753E-4
1.6101E-4
1.5745E-4
1.5293E-4
1.4983E-4
1.4242E-4
1.3839E-4
1.39E-4
1.3068E-4
1.2836E-4
1.2198E-4
1.1813E-4
1.151E-4
1.1162E-4
1.121E-4
1.0778E-4
1.0339E-4
9.8893E-5
9.7982E-5
9.6529E-5
9.199E-5
9.239E-5
8.803E-5
8.5638E-5
8.339E-5
8.1776E-5
8.119E-5
7.601E-5
7.2785E-5
6.9256E-5
7.1033E-5
6.7523E-5
6.7842E-5
6.4571E-5
6.0477E-5
6.3094E-5
5.7668E-5
5.9367E-5
5.7281E-5
5.5833E-5
5.2929E-5
5.2546E-5
4.8293E-5
4.7615E-5
4.6322E-5
4.7153E-5
4.339E-5
4.5508E-5
4.3592E-5
4.2679E-5
4.0335E-5
4.1509E-5
3.8911E-5
4.05E-5
4.145E-5
4.1639E-5
3.9212E-5
3.6946E-5
3.5714E-5
3.4696E-5
3.3661E-5
3.4504E-5
2.6863E-5
3.4643E-5
2.997E-5
2.7004E-5
2.6148E-5
2.6964E-5
2.721E-5
2.7269E-5
2.7175E-5
2.6423E-5
2.7623E-5
2.7847E-5
2.7464E-5
2.8025E-5
2.4505E-5
2.0204E-5
2.0904E-5
2.702E-5
1.9544E-5
2.5977E-5
2.5285E-5
2.4795E-5
2.5969E-5
2.2405E-5
1.8619E-5
2.4724E-5
1.6916E-5
2.3916E-5
2.9089E-5
3.2321E-5
2.9665E-5
1.8598E-5
1.9757E-5
2.9129E-5
2.8145E-5
2.6471E-5
2.9708E-5
2.5396E-5
3.6532E-5
3.1747E-5
2.5036E-5
2.6636E-5
3.2733E-5
3.0163E-5
3.8747E-5
3.7701E-5
2.7357E-5
3.1538E-5
3.6412E-5
3.3615E-5
2.8859E-5
2.9523E-5
2.9523E-5
