3.4082E-7
7.4021E-7
5.4769E-8
6.3461E-7
0.0
2.1154E-7
2.5308E-7
0.0
2.8738E-7
2.1779E-7
1.8429E-7
5.8424E-7
0.0
2.2934E-7
4.4232E-7
0.0
0.0
0.0
3.8451E-7
1.0938E-7
0.0
0.0
4.6131E-7
0.0
0.0
3.902E-7
4.9337E-8
5.9235E-7
4.5316E-8
2.7622E-7
6.6788E-7
7.4284E-7
2.9727E-7
7.6727E-7
6.9123E-7
8.7981E-7
1.7735E-6
1.755E-6
2.2881E-6
2.662E-6
2.7556E-6
3.5055E-6
4.0362E-6
5.0783E-6
5.691E-6
6.3683E-6
7.336E-6
8.9262E-6
9.9633E-6
1.1231E-5
1.3229E-5
1.5112E-5
1.7261E-5
1.9323E-5
2.2746E-5
2.5759E-5
2.9626E-5
3.3935E-5
3.8478E-5
4.3458E-5
4.847E-5
5.2345E-5
5.659E-5
5.9073E-5
6.0499E-5
6.0303E-5
5.8558E-5
5.4548E-5
5.019E-5
4.5415E-5
4.0658E-5
3.5187E-5
3.1694E-5
2.8386E-5
2.5786E-5
2.3173E-5
2.1356E-5
1.9982E-5
1.8354E-5
1.7396E-5
1.5726E-5
1.4199E-5
1.3096E-5
1.2093E-5
1.025E-5
9.1136E-6
8.3002E-6
7.4586E-6
6.4938E-6
5.8449E-6
5.4498E-6
5.1033E-6
4.9911E-6
4.5342E-6
4.402E-6
4.0717E-6
4.3771E-6
3.5278E-6
3.3624E-6
3.0558E-6
2.9562E-6
2.6428E-6
2.6957E-6
2.3145E-6
2.204E-6
1.9672E-6
2.1841E-6
2.0892E-6
1.8759E-6
1.9319E-6
1.9126E-6
1.9446E-6
2.0066E-6
2.0399E-6
1.969E-6
2.1239E-6
1.9397E-6
2.1938E-6
2.0648E-6
2.2188E-6
2.3675E-6
2.5128E-6
2.6185E-6
2.6326E-6
2.622E-6
2.7902E-6
2.9962E-6
3.0708E-6
3.209E-6
3.4091E-6
3.7614E-6
3.6272E-6
4.183E-6
3.9359E-6
4.2258E-6
4.368E-6
4.6421E-6
4.5842E-6
4.7423E-6
4.7978E-6
5.2448E-6
5.2535E-6
5.1543E-6
5.3411E-6
5.3982E-6
5.5351E-6
5.675E-6
5.6678E-6
5.7839E-6
5.8401E-6
5.7735E-6
6.077E-6
6.0747E-6
5.8466E-6
6.0022E-6
6.0156E-6
6.1513E-6
6.14E-6
6.3387E-6
6.0808E-6
6.0029E-6
5.9805E-6
6.0011E-6
6.0106E-6
5.9108E-6
6.0523E-6
5.683E-6
5.7609E-6
6.0915E-6
5.6548E-6
5.6114E-6
5.768E-6
5.7427E-6
5.3544E-6
5.4759E-6
5.4903E-6
5.2978E-6
5.2627E-6
5.2231E-6
5.3983E-6
5.1086E-6
5.2128E-6
5.1424E-6
5.0319E-6
5.0078E-6
5.2108E-6
5.1919E-6
5.3156E-6
5.5235E-6
6.2933E-6
6.8808E-6
8.1338E-6
9.7673E-6
1.2658E-5
1.6593E-5
2.1565E-5
2.8625E-5
3.7861E-5
4.9317E-5
6.3417E-5
8.1284E-5
1.008E-4
1.2363E-4
1.4829E-4
1.7693E-4
2.0916E-4
2.4163E-4
2.7672E-4
3.1367E-4
3.5129E-4
3.9221E-4
4.3039E-4
4.67E-4
5.0222E-4
5.3489E-4
5.6194E-4
5.9019E-4
6.1213E-4
6.3118E-4
6.5126E-4
6.6565E-4
6.7817E-4
6.8874E-4
6.9628E-4
7.0119E-4
7.0638E-4
7.1017E-4
7.1455E-4
7.1828E-4
7.1955E-4
7.1989E-4
7.179E-4
7.1153E-4
7.0362E-4
6.9426E-4
6.8406E-4
6.7394E-4
6.6201E-4
6.5084E-4
6.4032E-4
6.2961E-4
6.1978E-4
6.0844E-4
5.9604E-4
5.8239E-4
5.6953E-4
5.5676E-4
5.444E-4
5.3136E-4
5.1987E-4
5.0891E-4
4.9862E-4
4.8877E-4
4.7864E-4
4.6767E-4
4.5734E-4
4.4637E-4
4.3594E-4
4.2608E-4
4.1577E-4
4.0681E-4
3.9667E-4
3.8717E-4
3.7708E-4
3.6789E-4
3.5709E-4
3.4708E-4
3.3562E-4
3.2463E-4
3.1462E-4
3.0493E-4
2.9588E-4
2.8732E-4
2.8074E-4
2.7239E-4
2.6637E-4
2.6139E-4
2.5578E-4
2.4941E-4
2.4492E-4
2.3894E-4
2.3328E-4
2.2733E-4
2.2093E-4
2.1487E-4
2.0941E-4
2.0351E-4
1.9762E-4
1.9293E-4
1.8678E-4
1.819E-4
1.7645E-4
1.7113E-4
1.6605E-4
1.6083E-4
1.5581E-4
1.5077E-4
1.4633E-4
1.4217E-4
1.3849E-4
1.3443E-4
1.3016E-4
1.2674E-4
1.2314E-4
1.2E-4
1.1641E-4
1.1387E-4
1.1031E-4
1.0722E-4
1.0384E-4
1.0078E-4
9.8198E-5
9.5626E-5
9.2166E-5
8.9894E-5
8.7844E-5
8.4779E-5
8.2703E-5
7.971E-5
7.7883E-5
7.5687E-5
7.2872E-5
7.0756E-5
6.7995E-5
6.5915E-5
6.4421E-5
6.2206E-5
6.0033E-5
5.8534E-5
5.6849E-5
5.5897E-5
5.4135E-5
5.2784E-5
5.1372E-5
5.0342E-5
4.8849E-5
4.8109E-5
4.7445E-5
4.6276E-5
4.4797E-5
4.3539E-5
4.265E-5
4.1715E-5
4.0749E-5
3.9744E-5
3.8697E-5
3.8395E-5
3.7108E-5
3.5631E-5
3.5321E-5
3.4437E-5
3.3227E-5
3.2079E-5
3.1585E-5
3.1002E-5
3.0037E-5
2.9547E-5
2.9194E-5
2.8069E-5
2.8195E-5
2.7394E-5
2.6671E-5
2.6954E-5
2.6128E-5
2.5325E-5
2.4915E-5
2.5858E-5
2.5767E-5
2.5648E-5
2.5114E-5
2.448E-5
2.4433E-5
2.4039E-5
2.4273E-5
2.4552E-5
2.3997E-5
2.4367E-5
2.3797E-5
2.4485E-5
2.429E-5
2.3687E-5
2.3035E-5
2.3405E-5
2.4144E-5
2.3913E-5
2.4371E-5
2.4681E-5
2.408E-5
2.4181E-5
2.3249E-5
2.5072E-5
2.411E-5
2.4257E-5
2.3696E-5
2.4048E-5
2.5686E-5
2.4517E-5
2.3748E-5
2.3415E-5
2.3608E-5
2.3608E-5
