4.0301E-6
2.2482E-6
6.2547E-6
6.353E-6
4.2487E-6
0.0
7.6442E-7
1.2644E-6
3.1428E-6
7.0428E-6
2.76E-6
5.9349E-6
2.0438E-6
7.326E-7
9.1381E-8
2.1031E-6
5.9691E-7
3.2937E-6
4.242E-6
3.865E-6
7.6773E-6
9.5234E-7
2.3742E-6
1.7758E-6
3.0041E-6
4.2473E-6
3.7091E-6
2.7786E-6
1.4361E-6
1.9931E-6
4.0543E-6
5.0447E-6
4.4808E-7
3.336E-6
4.5693E-6
2.6231E-6
5.4276E-6
4.4175E-6
7.1795E-6
6.5386E-6
7.6339E-6
7.1096E-6
1.0501E-5
1.246E-5
1.4E-5
1.92E-5
1.9957E-5
2.2594E-5
2.6237E-5
3.2073E-5
4.0389E-5
4.6108E-5
5.4607E-5
7.0155E-5
8.4182E-5
1.0112E-4
1.2533E-4
1.5152E-4
1.8564E-4
2.2304E-4
2.6081E-4
2.9573E-4
3.3535E-4
3.7551E-4
3.9957E-4
4.1846E-4
4.2571E-4
4.208E-4
4.019E-4
3.802E-4
3.5399E-4
3.2499E-4
3.0227E-4
2.894E-4
2.7929E-4
2.7308E-4
2.7066E-4
2.7558E-4
2.7954E-4
2.8528E-4
2.943E-4
2.9886E-4
3.0419E-4
3.0792E-4
3.1402E-4
3.1627E-4
3.2234E-4
3.2735E-4
3.3838E-4
3.4899E-4
3.6384E-4
3.816E-4
3.9568E-4
4.1595E-4
4.3661E-4
4.496E-4
4.5773E-4
4.6391E-4
4.6844E-4
4.6729E-4
4.6516E-4
4.6027E-4
4.5722E-4
4.4899E-4
4.4906E-4
4.536E-4
4.5723E-4
4.7188E-4
4.8276E-4
4.9813E-4
5.2028E-4
5.414E-4
5.6145E-4
5.9624E-4
6.3015E-4
6.6921E-4
7.085E-4
7.5298E-4
8.111E-4
8.7142E-4
9.3097E-4
9.9827E-4
0.001068
0.0011574
0.0012388
0.0013252
0.0014167
0.0015261
0.0016306
0.0017351
0.0018444
0.0019572
0.0020815
0.0022044
0.0023317
0.0024652
0.0025941
0.002723
0.0028595
0.0029884
0.0031149
0.0032445
0.0033676
0.003486
0.0036042
0.0037162
0.0038367
0.0039391
0.0040571
0.0041698
0.0042835
0.0043939
0.0044935
0.0045948
0.0046836
0.0047692
0.0048422
0.0049039
0.0049663
0.0050336
0.005072
0.0051135
0.0051511
0.0051868
0.0052178
0.0052404
0.0052629
0.0052789
0.0052866
0.0052853
0.005274
0.0052449
0.0052257
0.0051927
0.0051488
0.0050957
0.0050402
0.0049725
0.0048922
0.0048115
0.0047247
0.0046378
0.0045442
0.0044559
0.0043644
0.0042601
0.0041694
0.0040582
0.0039478
0.0038335
0.0037225
0.0036099
0.003494
0.0033704
0.0032328
0.0031108
0.0029924
0.0028718
0.0027624
0.002651
0.0025444
0.0024475
0.0023623
0.0022805
0.0022061
0.0021326
0.0020711
0.0020163
0.0019617
0.001912
0.0018733
0.0018335
0.0017917
0.0017481
0.0017067
0.0016665
0.0016218
0.0015769
0.0015391
0.0014928
0.0014573
0.0014115
0.0013745
0.0013367
0.001304
0.0012761
0.0012412
0.0012145
0.001195
0.0011765
0.0011567
0.0011358
0.001112
0.00109
0.0010681
0.001043
0.0010207
9.9993E-4
9.775E-4
9.5796E-4
9.4054E-4
9.2341E-4
9.0487E-4
8.8232E-4
8.6366E-4
8.4163E-4
8.2384E-4
8.0213E-4
7.8562E-4
7.6462E-4
7.5015E-4
7.3271E-4
7.162E-4
7.0337E-4
6.8853E-4
6.7269E-4
6.5533E-4
6.4213E-4
6.2542E-4
6.1258E-4
6.0018E-4
5.8706E-4
5.7049E-4
5.5471E-4
5.3961E-4
5.2654E-4
5.1117E-4
4.9323E-4
4.7964E-4
4.6339E-4
4.4748E-4
4.3532E-4
4.2588E-4
4.1343E-4
4.0146E-4
3.9231E-4
3.8502E-4
3.7728E-4
3.6589E-4
3.5923E-4
3.5318E-4
3.4299E-4
3.3296E-4
3.2702E-4
3.1631E-4
3.0886E-4
3.0075E-4
2.9299E-4
2.8466E-4
2.7742E-4
2.6985E-4
2.6148E-4
2.5118E-4
2.4506E-4
2.349E-4
2.3159E-4
2.2341E-4
2.147E-4
2.1098E-4
2.0526E-4
2.0134E-4
1.9466E-4
1.8935E-4
1.8241E-4
1.796E-4
1.7568E-4
1.6804E-4
1.6619E-4
1.6245E-4
1.576E-4
1.5068E-4
1.474E-4
1.43E-4
1.3951E-4
1.3504E-4
1.3295E-4
1.3082E-4
1.266E-4
1.2134E-4
1.1788E-4
1.1474E-4
1.1298E-4
1.135E-4
1.07E-4
1.0164E-4
9.9543E-5
9.5871E-5
9.4906E-5
9.4574E-5
8.8952E-5
8.7764E-5
8.5778E-5
8.4411E-5
8.4499E-5
8.0307E-5
7.7751E-5
7.7138E-5
7.5633E-5
7.6809E-5
7.0078E-5
6.9619E-5
6.7622E-5
6.9596E-5
6.8374E-5
6.2739E-5
6.4529E-5
6.4485E-5
5.7911E-5
5.442E-5
5.69E-5
5.6462E-5
5.2396E-5
4.8249E-5
4.9183E-5
5.0307E-5
4.8482E-5
4.8342E-5
4.2374E-5
4.4497E-5
3.7957E-5
4.3757E-5
4.3139E-5
4.1306E-5
4.1162E-5
3.4039E-5
3.647E-5
3.5071E-5
4.1724E-5
3.9821E-5
4.0235E-5
3.6252E-5
3.6071E-5
3.6355E-5
3.8252E-5
3.9741E-5
4.4375E-5
2.791E-5
3.161E-5
3.1475E-5
3.5386E-5
3.4606E-5
2.4208E-5
3.2635E-5
3.5209E-5
3.743E-5
4.2541E-5
2.8976E-5
2.668E-5
4.2188E-5
3.5479E-5
3.5875E-5
3.4774E-5
3.4354E-5
2.6326E-5
3.1464E-5
4.3001E-5
4.6864E-5
3.7858E-5
3.4061E-5
4.1158E-5
4.1158E-5
