5.1263E-6
2.0935E-6
5.4263E-6
2.4794E-6
5.2712E-6
2.5935E-6
6.3913E-6
6.3331E-6
3.2634E-6
5.2026E-6
3.1194E-6
2.9073E-6
2.5049E-6
3.2359E-6
4.2805E-6
2.4165E-6
4.7937E-6
3.5313E-6
3.6702E-6
3.9036E-6
3.6512E-6
6.5583E-6
5.0427E-6
4.4106E-6
5.8516E-6
7.0323E-6
7.1754E-6
6.5282E-6
9.5503E-6
8.1589E-6
1.2277E-5
1.4389E-5
1.8088E-5
2.0263E-5
2.4853E-5
3.2701E-5
4.0301E-5
5.2402E-5
6.5996E-5
8.0331E-5
9.8617E-5
1.2629E-4
1.5627E-4
1.9552E-4
2.3745E-4
2.9726E-4
3.6242E-4
4.3775E-4
5.25E-4
6.3296E-4
7.7779E-4
9.2739E-4
0.00111
0.0013225
0.0016177
0.0019365
0.0023093
0.0027364
0.0033054
0.0038425
0.0044211
0.0049892
0.0055896
0.0060466
0.0063672
0.0065214
0.0065152
0.0062885
0.0059638
0.0055495
0.0051294
0.0046417
0.0042603
0.0039367
0.0036725
0.0034265
0.0032547
0.0030829
0.0029214
0.0027157
0.0025454
0.0023451
0.0021495
0.0019311
0.0017346
0.0015637
0.0014158
0.0012835
0.0011463
0.0010352
9.5325E-4
8.8231E-4
8.1182E-4
7.5223E-4
7.018E-4
6.4916E-4
5.9691E-4
5.5029E-4
5.0623E-4
4.6522E-4
4.239E-4
3.8313E-4
3.5007E-4
3.2023E-4
2.9898E-4
2.7751E-4
2.6193E-4
2.5234E-4
2.4326E-4
2.3695E-4
2.3153E-4
2.2976E-4
2.2777E-4
2.2508E-4
2.255E-4
2.2769E-4
2.2787E-4
2.2972E-4
2.3329E-4
2.371E-4
2.4008E-4
2.4219E-4
2.4694E-4
2.5191E-4
2.5674E-4
2.5952E-4
2.6378E-4
2.6358E-4
2.6535E-4
2.6507E-4
2.6375E-4
2.6144E-4
2.5735E-4
2.5404E-4
2.4738E-4
2.4252E-4
2.3316E-4
2.2812E-4
2.1889E-4
2.1084E-4
2.0305E-4
1.9496E-4
1.8573E-4
1.7592E-4
1.6796E-4
1.582E-4
1.5127E-4
1.4259E-4
1.3427E-4
1.2671E-4
1.2082E-4
1.1314E-4
1.0597E-4
1.0044E-4
9.3662E-5
8.8387E-5
8.2502E-5
7.8013E-5
7.2456E-5
6.7633E-5
6.1907E-5
5.8206E-5
5.2965E-5
4.901E-5
4.33E-5
3.9862E-5
3.6055E-5
3.3057E-5
2.9731E-5
2.6467E-5
2.3895E-5
2.1667E-5
1.9216E-5
1.7762E-5
1.5845E-5
1.4007E-5
1.2622E-5
1.1672E-5
1.1439E-5
9.081E-6
8.9791E-6
8.4517E-6
8.4968E-6
7.7301E-6
7.9818E-6
7.0882E-6
7.4424E-6
7.7505E-6
7.4616E-6
8.3651E-6
8.5978E-6
9.8301E-6
1.1484E-5
1.5312E-5
2.0157E-5
2.6212E-5
3.4389E-5
4.4379E-5
5.7687E-5
7.6031E-5
9.6502E-5
1.1991E-4
1.4728E-4
1.7806E-4
2.115E-4
2.4873E-4
2.8836E-4
3.2998E-4
3.7329E-4
4.1936E-4
4.6547E-4
5.1317E-4
5.5815E-4
5.9894E-4
6.3677E-4
6.7235E-4
7.0467E-4
7.293E-4
7.5449E-4
7.7606E-4
7.9373E-4
8.0719E-4
8.2001E-4
8.2859E-4
8.3658E-4
8.412E-4
8.4831E-4
8.5162E-4
8.532E-4
8.5824E-4
8.5649E-4
8.5507E-4
8.4925E-4
8.396E-4
8.2862E-4
8.152E-4
7.9906E-4
7.8727E-4
7.7435E-4
7.6278E-4
7.5129E-4
7.3907E-4
7.266E-4
7.1353E-4
6.9435E-4
6.7935E-4
6.6466E-4
6.4826E-4
6.3495E-4
6.1765E-4
6.0735E-4
5.9408E-4
5.8266E-4
5.7094E-4
5.5753E-4
5.4336E-4
5.3251E-4
5.1986E-4
5.0607E-4
4.955E-4
4.8455E-4
4.7306E-4
4.6009E-4
4.4908E-4
4.3863E-4
4.2451E-4
4.1309E-4
4.0021E-4
3.8801E-4
3.7413E-4
3.6439E-4
3.5508E-4
3.4345E-4
3.3497E-4
3.264E-4
3.172E-4
3.1089E-4
3.0642E-4
2.9811E-4
2.9195E-4
2.8684E-4
2.7928E-4
2.7192E-4
2.6419E-4
2.572E-4
2.4985E-4
2.4387E-4
2.3503E-4
2.2999E-4
2.2325E-4
2.1558E-4
2.0957E-4
2.0421E-4
1.9931E-4
1.9324E-4
1.8631E-4
1.7933E-4
1.7535E-4
1.7006E-4
1.6515E-4
1.619E-4
1.547E-4
1.523E-4
1.4726E-4
1.4358E-4
1.4084E-4
1.3681E-4
1.3187E-4
1.2802E-4
1.2529E-4
1.2143E-4
1.1901E-4
1.1583E-4
1.1182E-4
1.0798E-4
1.0601E-4
1.0073E-4
9.9559E-5
9.6068E-5
9.3645E-5
9.1134E-5
8.8718E-5
8.674E-5
8.2562E-5
7.9305E-5
7.828E-5
7.538E-5
7.2979E-5
6.9859E-5
7.0364E-5
6.6346E-5
6.4981E-5
6.4616E-5
6.2195E-5
6.0162E-5
5.8407E-5
5.7531E-5
5.81E-5
5.6811E-5
5.6963E-5
5.3054E-5
5.2348E-5
5.111E-5
4.9731E-5
4.5982E-5
4.5511E-5
4.6151E-5
4.6517E-5
4.2689E-5
4.3627E-5
4.1236E-5
4.002E-5
3.9467E-5
3.8904E-5
3.8569E-5
3.7143E-5
3.6771E-5
3.5457E-5
3.3664E-5
3.4433E-5
3.3686E-5
3.2498E-5
3.0734E-5
2.9534E-5
3.0479E-5
2.9259E-5
3.0958E-5
3.1221E-5
2.8852E-5
2.9324E-5
2.8874E-5
2.8769E-5
2.5886E-5
2.8103E-5
2.8173E-5
2.8722E-5
3.0064E-5
3.0406E-5
2.6818E-5
2.6628E-5
2.6457E-5
2.7761E-5
2.767E-5
2.7568E-5
3.4168E-5
3.2052E-5
3.2177E-5
2.7593E-5
2.611E-5
2.9645E-5
2.5937E-5
2.8224E-5
3.0073E-5
2.9553E-5
3.4771E-5
3.4041E-5
3.1171E-5
3.2384E-5
3.4399E-5
2.9317E-5
2.9317E-5
