6.6589E-7
7.7276E-7
8.6108E-7
1.2235E-6
0.0
0.0
0.0
2.6081E-7
0.0
0.0
0.0
4.4992E-8
5.1305E-7
1.2484E-6
0.0
1.9423E-7
4.9891E-8
2.9997E-7
5.3488E-7
4.6762E-7
0.0
8.696E-7
6.6672E-7
4.0072E-7
0.0
0.0
6.0878E-7
6.529E-7
4.7048E-7
1.2788E-6
7.0093E-7
1.3388E-6
3.9344E-7
8.9834E-7
2.1528E-6
1.4641E-6
2.5667E-6
2.6806E-6
3.8609E-6
4.4399E-6
5.1634E-6
5.5898E-6
7.7542E-6
8.0653E-6
9.8485E-6
1.1624E-5
1.2721E-5
1.5187E-5
1.7381E-5
1.925E-5
2.3143E-5
2.6123E-5
2.929E-5
3.2704E-5
3.8488E-5
4.3382E-5
4.8957E-5
5.5398E-5
6.424E-5
7.1051E-5
7.8878E-5
8.5603E-5
9.2754E-5
9.5952E-5
9.6566E-5
9.6453E-5
9.4702E-5
8.6704E-5
7.9947E-5
7.2545E-5
6.4819E-5
5.5379E-5
4.9937E-5
4.3807E-5
3.8939E-5
3.6242E-5
3.2593E-5
3.0379E-5
2.7963E-5
2.4947E-5
2.41E-5
2.1597E-5
1.9315E-5
1.6751E-5
1.5445E-5
1.3296E-5
1.2579E-5
1.1102E-5
9.1696E-6
8.9094E-6
7.9591E-6
7.4315E-6
7.0118E-6
7.0283E-6
6.2614E-6
6.199E-6
5.1573E-6
4.9165E-6
4.7431E-6
4.6788E-6
4.0454E-6
3.9465E-6
3.9695E-6
3.4866E-6
3.3882E-6
3.2722E-6
2.9469E-6
2.41E-6
2.5263E-6
2.7537E-6
2.5282E-6
2.6735E-6
2.3977E-6
2.6742E-6
2.9621E-6
2.8736E-6
2.5481E-6
2.6465E-6
3.0758E-6
2.9577E-6
3.012E-6
2.9627E-6
2.8617E-6
3.4162E-6
3.5072E-6
3.4856E-6
3.8699E-6
3.5828E-6
3.6115E-6
3.9061E-6
4.066E-6
4.683E-6
4.3826E-6
4.8872E-6
4.8695E-6
4.769E-6
5.3801E-6
6.0669E-6
5.6494E-6
5.5554E-6
5.8086E-6
6.4358E-6
6.0056E-6
6.1906E-6
6.4538E-6
6.7247E-6
6.8758E-6
6.8584E-6
6.8188E-6
6.6096E-6
6.7079E-6
6.8868E-6
6.7891E-6
6.8336E-6
6.6563E-6
6.9079E-6
6.6699E-6
6.8288E-6
6.814E-6
6.9182E-6
6.6313E-6
6.9922E-6
6.6766E-6
6.6819E-6
6.19E-6
6.1887E-6
6.1409E-6
5.9727E-6
6.1196E-6
6.0932E-6
5.8018E-6
5.7963E-6
5.9585E-6
6.3889E-6
5.7931E-6
5.5111E-6
5.3858E-6
5.5785E-6
5.4226E-6
5.3389E-6
5.6947E-6
5.3774E-6
5.0626E-6
5.4879E-6
5.3682E-6
5.7802E-6
5.8942E-6
6.6159E-6
7.4183E-6
8.232E-6
1.0104E-5
1.248E-5
1.5945E-5
2.1266E-5
2.8476E-5
3.9239E-5
5.298E-5
7.0565E-5
9.3153E-5
1.211E-4
1.5542E-4
1.9382E-4
2.3749E-4
2.8694E-4
3.4266E-4
4.0524E-4
4.6895E-4
5.3605E-4
6.0801E-4
6.8124E-4
7.6029E-4
8.3538E-4
9.0733E-4
9.7461E-4
0.0010387
0.0010945
0.0011469
0.0011905
0.0012306
0.0012666
0.0012968
0.0013212
0.0013406
0.0013546
0.0013655
0.0013771
0.0013857
0.0013905
0.0013961
0.0013978
0.0013958
0.001393
0.001381
0.001368
0.0013491
0.0013308
0.0013088
0.0012873
0.0012688
0.001247
0.001226
0.001205
0.0011835
0.0011603
0.0011342
0.001108
0.0010844
0.0010584
0.0010346
0.001011
9.9136E-4
9.7087E-4
9.5071E-4
9.3052E-4
9.1217E-4
8.8955E-4
8.6785E-4
8.4897E-4
8.2897E-4
8.0749E-4
7.9039E-4
7.7312E-4
7.5519E-4
7.3438E-4
7.1551E-4
6.9501E-4
6.7626E-4
6.5485E-4
6.3367E-4
6.1323E-4
5.9498E-4
5.7658E-4
5.604E-4
5.4617E-4
5.3177E-4
5.1996E-4
5.0811E-4
4.9606E-4
4.867E-4
4.7573E-4
4.6426E-4
4.53E-4
4.4204E-4
4.3025E-4
4.1797E-4
4.079E-4
3.9716E-4
3.8492E-4
3.7513E-4
3.6446E-4
3.5313E-4
3.4399E-4
3.3348E-4
3.2306E-4
3.1269E-4
3.0374E-4
2.9358E-4
2.8513E-4
2.7761E-4
2.6904E-4
2.6268E-4
2.5419E-4
2.4737E-4
2.4019E-4
2.3324E-4
2.2843E-4
2.2259E-4
2.1482E-4
2.0873E-4
2.0346E-4
1.9598E-4
1.9061E-4
1.8534E-4
1.8034E-4
1.7571E-4
1.6959E-4
1.6541E-4
1.6077E-4
1.5534E-4
1.5085E-4
1.4673E-4
1.4272E-4
1.3813E-4
1.3262E-4
1.2806E-4
1.2375E-4
1.2115E-4
1.1727E-4
1.128E-4
1.0986E-4
1.0826E-4
1.042E-4
1.0255E-4
9.9231E-5
9.6968E-5
9.4482E-5
9.2204E-5
8.9577E-5
8.74E-5
8.6812E-5
8.3951E-5
8.1705E-5
8.0671E-5
7.7912E-5
7.6042E-5
7.3661E-5
7.1274E-5
7.0234E-5
6.832E-5
6.5916E-5
6.3489E-5
6.1921E-5
6.0462E-5
5.9679E-5
5.7605E-5
5.5951E-5
5.4544E-5
5.3695E-5
5.2088E-5
5.0092E-5
4.845E-5
4.717E-5
4.6543E-5
4.6027E-5
4.381E-5
4.4126E-5
4.266E-5
4.2399E-5
4.1298E-5
4.2476E-5
4.0282E-5
3.9876E-5
3.9658E-5
3.8262E-5
3.6697E-5
3.7086E-5
3.6358E-5
3.7121E-5
3.421E-5
3.6475E-5
3.477E-5
3.4008E-5
3.3401E-5
3.279E-5
3.35E-5
3.244E-5
3.4597E-5
3.1828E-5
3.0123E-5
3.3285E-5
3.1166E-5
2.8972E-5
3.0146E-5
3.1595E-5
3.2566E-5
3.3455E-5
2.9615E-5
3.0142E-5
3.1185E-5
2.7627E-5
2.7627E-5
