1.4521E-6
6.5609E-7
3.3157E-6
0.0
1.5365E-6
1.719E-6
2.3856E-6
2.1155E-6
4.0561E-6
0.0
0.0
0.0
0.0
5.5244E-6
0.0
3.0659E-6
1.1657E-7
4.2291E-6
3.3179E-6
2.0391E-6
1.3593E-6
0.0
2.0791E-6
4.403E-6
5.1915E-6
4.8516E-7
1.6097E-6
6.549E-7
5.5725E-7
4.3561E-6
3.7803E-6
3.2874E-6
3.3924E-6
6.2485E-6
4.8921E-6
7.8425E-6
8.1917E-6
1.0171E-5
7.9668E-6
9.1946E-6
1.28E-5
1.7924E-5
1.7359E-5
2.2131E-5
2.4468E-5
2.6399E-5
2.8148E-5
3.4659E-5
4.0721E-5
4.9025E-5
5.7457E-5
6.3126E-5
7.3975E-5
8.8433E-5
1.0871E-4
1.2906E-4
1.5399E-4
1.8311E-4
2.172E-4
2.5983E-4
3.0113E-4
3.4584E-4
3.8351E-4
4.215E-4
4.5028E-4
4.6592E-4
4.6768E-4
4.5679E-4
4.3828E-4
4.1272E-4
3.8359E-4
3.4084E-4
3.2369E-4
3.0185E-4
2.9049E-4
2.8232E-4
2.8008E-4
2.8465E-4
2.9018E-4
2.971E-4
3.038E-4
3.0595E-4
3.1182E-4
3.1227E-4
3.126E-4
3.172E-4
3.2367E-4
3.2965E-4
3.384E-4
3.5072E-4
3.6467E-4
3.7849E-4
4.0062E-4
4.1322E-4
4.3269E-4
4.4832E-4
4.5644E-4
4.6411E-4
4.6697E-4
4.6535E-4
4.5883E-4
4.5686E-4
4.537E-4
4.5009E-4
4.4788E-4
4.519E-4
4.5616E-4
4.6747E-4
4.7699E-4
4.9752E-4
5.1555E-4
5.3728E-4
5.6224E-4
5.906E-4
6.2882E-4
6.6363E-4
7.0344E-4
7.5189E-4
8.0409E-4
8.6413E-4
9.2574E-4
9.9381E-4
0.0010658
0.0011487
0.0012347
0.0013206
0.0014117
0.0015195
0.0016187
0.0017267
0.001834
0.0019452
0.0020706
0.0021935
0.0023247
0.0024559
0.0025782
0.0027144
0.0028411
0.0029667
0.0031008
0.0032205
0.0033528
0.00347
0.0035823
0.0037024
0.0038138
0.0039235
0.0040375
0.0041472
0.0042612
0.0043713
0.0044662
0.004561
0.0046546
0.0047338
0.0048103
0.0048759
0.00494
0.0049891
0.0050443
0.0050779
0.0051221
0.005151
0.0051783
0.0052066
0.0052259
0.0052355
0.0052431
0.0052505
0.005236
0.0052166
0.005191
0.0051661
0.0051125
0.0050614
0.0050059
0.0049343
0.0048606
0.0047767
0.0046927
0.0046109
0.0045273
0.0044311
0.0043338
0.0042291
0.0041408
0.0040358
0.0039363
0.0038134
0.0037023
0.0035937
0.0034825
0.0033622
0.0032392
0.0031204
0.0030177
0.0029203
0.0028251
0.0027445
0.0026597
0.0026013
0.0025546
0.002521
0.0024908
0.0024764
0.0024733
0.0024773
0.0024902
0.0025093
0.0025298
0.0025587
0.0025867
0.0026104
0.0026239
0.0026338
0.0026342
0.0026327
0.0026298
0.0026196
0.0026075
0.0025904
0.0025675
0.0025415
0.0025224
0.0025018
0.0024786
0.0024478
0.0024317
0.002417
0.0023915
0.002368
0.0023359
0.0022989
0.0022658
0.0022241
0.0021802
0.0021457
0.0021028
0.002065
0.0020288
0.0019941
0.0019563
0.0019156
0.0018676
0.0018282
0.0017861
0.0017444
0.0017095
0.0016647
0.0016313
0.0016009
0.0015625
0.0015274
0.001498
0.0014629
0.0014301
0.0013953
0.0013611
0.001332
0.0012988
0.0012705
0.0012362
0.0012082
0.001176
0.001145
0.0011134
0.0010747
0.0010422
0.0010091
9.7901E-4
9.5009E-4
9.2187E-4
9.001E-4
8.715E-4
8.5462E-4
8.3604E-4
8.172E-4
7.9975E-4
7.772E-4
7.6529E-4
7.4685E-4
7.2657E-4
7.0839E-4
6.9125E-4
6.7065E-4
6.531E-4
6.3371E-4
6.1428E-4
5.9947E-4
5.838E-4
5.6789E-4
5.5142E-4
5.3036E-4
5.1455E-4
5.0224E-4
4.8818E-4
4.7092E-4
4.5601E-4
4.4141E-4
4.3396E-4
4.2197E-4
4.0766E-4
3.9681E-4
3.8923E-4
3.7781E-4
3.6662E-4
3.5312E-4
3.4614E-4
3.3533E-4
3.2519E-4
3.1669E-4
3.0947E-4
2.993E-4
2.9177E-4
2.8602E-4
2.7617E-4
2.6838E-4
2.6102E-4
2.5405E-4
2.453E-4
2.3728E-4
2.3418E-4
2.2287E-4
2.1416E-4
2.1031E-4
2.0654E-4
1.9979E-4
1.9345E-4
1.8739E-4
1.8167E-4
1.7628E-4
1.7456E-4
1.7175E-4
1.659E-4
1.626E-4
1.6128E-4
1.5507E-4
1.5252E-4
1.4711E-4
1.4524E-4
1.4201E-4
1.3812E-4
1.3355E-4
1.2871E-4
1.2953E-4
1.277E-4
1.1682E-4
1.1189E-4
1.1152E-4
1.0943E-4
1.0364E-4
1.0367E-4
9.7839E-5
9.5505E-5
9.8213E-5
9.0336E-5
9.2063E-5
9.0391E-5
7.9999E-5
8.5503E-5
8.4526E-5
8.1502E-5
7.6672E-5
7.5789E-5
7.1147E-5
7.4099E-5
6.9499E-5
6.9163E-5
6.796E-5
6.261E-5
6.4319E-5
6.8472E-5
6.3782E-5
6.1701E-5
6.2347E-5
5.9481E-5
5.9284E-5
5.8765E-5
5.5652E-5
5.8744E-5
5.2288E-5
5.1393E-5
5.0848E-5
5.9684E-5
5.8018E-5
5.164E-5
5.4639E-5
4.7163E-5
5.0042E-5
5.899E-5
5.5275E-5
5.4861E-5
4.8404E-5
4.2523E-5
5.1194E-5
5.941E-5
4.7771E-5
4.3525E-5
3.1504E-5
3.1504E-5

