0.0
1.4173E-6
1.636E-6
1.3073E-6
1.1451E-6
6.0182E-7
1.5031E-6
0.0
1.4499E-6
1.6478E-6
3.2849E-7
0.0
0.0
2.3749E-6
0.0
8.2166E-7
6.7256E-7
0.0
5.6063E-7
8.7491E-7
3.9762E-7
6.9298E-7
3.4577E-7
0.0
1.2844E-6
6.8526E-7
1.4904E-6
2.5603E-6
9.706E-7
4.1823E-7
2.1812E-6
1.6411E-6
9.6394E-7
8.0013E-7
2.4438E-6
4.6312E-6
4.7787E-6
6.5183E-6
6.6203E-6
7.9274E-6
8.5852E-6
9.4122E-6
1.1906E-5
1.3763E-5
1.5965E-5
1.9137E-5
1.9741E-5
2.4057E-5
2.8413E-5
3.1223E-5
3.6968E-5
4.0728E-5
4.5671E-5
5.3495E-5
5.94E-5
6.7552E-5
7.7973E-5
8.8361E-5
9.9577E-5
1.1111E-4
1.2317E-4
1.3211E-4
1.4298E-4
1.4812E-4
1.4971E-4
1.4917E-4
1.4424E-4
1.3562E-4
1.2266E-4
1.0952E-4
9.8706E-5
8.5315E-5
7.4716E-5
6.697E-5
6.1249E-5
5.4251E-5
5.1397E-5
4.6311E-5
4.1427E-5
3.9344E-5
3.5717E-5
3.3491E-5
2.9371E-5
2.5545E-5
2.3368E-5
2.0957E-5
1.907E-5
1.7772E-5
1.5026E-5
1.3448E-5
1.3233E-5
1.174E-5
1.0166E-5
9.2946E-6
9.5388E-6
9.6313E-6
8.8301E-6
7.162E-6
6.9684E-6
6.0054E-6
6.3726E-6
5.0878E-6
5.6483E-6
5.5798E-6
4.7007E-6
4.2451E-6
4.5461E-6
3.6787E-6
3.6635E-6
3.7743E-6
3.6625E-6
3.986E-6
3.6313E-6
4.1603E-6
3.2678E-6
2.9824E-6
3.8545E-6
3.4661E-6
3.5549E-6
3.664E-6
3.7756E-6
3.5321E-6
4.2618E-6
3.9429E-6
3.9218E-6
4.1745E-6
5.4989E-6
4.6485E-6
4.8483E-6
5.5158E-6
5.6122E-6
6.0281E-6
6.1891E-6
5.6279E-6
5.9098E-6
6.4839E-6
6.2809E-6
6.7282E-6
7.1114E-6
7.0333E-6
7.4353E-6
7.9835E-6
7.6955E-6
7.6746E-6
7.4867E-6
7.722E-6
7.9832E-6
7.9469E-6
7.462E-6
7.8959E-6
7.6748E-6
8.2936E-6
8.0738E-6
7.9627E-6
7.6774E-6
7.5335E-6
7.5416E-6
7.8395E-6
7.2986E-6
7.1709E-6
7.1778E-6
6.9438E-6
7.3277E-6
7.0608E-6
6.8364E-6
6.6321E-6
6.5563E-6
6.3369E-6
7.0345E-6
6.6387E-6
6.6481E-6
6.3357E-6
6.5051E-6
6.2806E-6
5.9466E-6
5.4647E-6
6.1065E-6
6.1629E-6
6.0339E-6
5.7927E-6
6.2676E-6
6.1238E-6
5.6311E-6
5.9742E-6
5.8439E-6
6.9904E-6
7.4188E-6
7.9944E-6
9.4981E-6
1.1581E-5
1.4466E-5
1.8366E-5
2.4073E-5
3.2931E-5
4.6511E-5
6.3827E-5
8.6077E-5
1.1615E-4
1.5453E-4
2.0177E-4
2.5807E-4
3.2235E-4
3.9555E-4
4.7925E-4
5.7017E-4
6.7706E-4
7.8391E-4
8.9506E-4
0.0010159
0.0011382
0.0012684
0.0013926
0.0015142
0.0016315
0.0017356
0.0018375
0.0019234
0.0019977
0.002065
0.0021248
0.0021756
0.0022166
0.0022493
0.0022737
0.0022952
0.0023078
0.0023188
0.0023276
0.0023314
0.0023382
0.0023373
0.0023293
0.0023094
0.0022866
0.0022569
0.0022258
0.0021907
0.0021564
0.0021174
0.0020862
0.0020546
0.0020195
0.0019784
0.001943
0.0018975
0.0018551
0.0018152
0.0017736
0.0017317
0.0016941
0.0016589
0.0016238
0.0015898
0.0015548
0.0015231
0.0014874
0.001453
0.0014208
0.0013848
0.0013519
0.0013252
0.0012929
0.0012594
0.0012296
0.0011969
0.001164
0.0011323
0.0010967
0.00106
0.001029
9.9908E-4
9.6946E-4
9.3908E-4
9.1882E-4
8.9168E-4
8.6876E-4
8.5032E-4
8.3341E-4
8.1458E-4
7.9512E-4
7.7945E-4
7.5923E-4
7.3691E-4
7.1756E-4
7.0111E-4
6.8275E-4
6.6355E-4
6.4429E-4
6.2647E-4
6.0971E-4
5.9308E-4
5.7695E-4
5.5844E-4
5.4417E-4
5.255E-4
5.1021E-4
4.9422E-4
4.7906E-4
4.6508E-4
4.522E-4
4.3905E-4
4.2663E-4
4.1483E-4
4.0305E-4
3.9078E-4
3.8062E-4
3.7167E-4
3.5897E-4
3.4931E-4
3.3994E-4
3.3005E-4
3.2065E-4
3.1047E-4
3.0155E-4
2.9751E-4
2.8763E-4
2.7694E-4
2.6845E-4
2.6054E-4
2.5161E-4
2.4503E-4
2.375E-4
2.3035E-4
2.2209E-4
2.156E-4
2.092E-4
2.0186E-4
1.9433E-4
1.9043E-4
1.8587E-4
1.8059E-4
1.76E-4
1.7138E-4
1.6516E-4
1.6185E-4
1.5953E-4
1.559E-4
1.5179E-4
1.4774E-4
1.4305E-4
1.3837E-4
1.3522E-4
1.3353E-4
1.2994E-4
1.2487E-4
1.2115E-4
1.1831E-4
1.1508E-4
1.1463E-4
1.0877E-4
1.0539E-4
1.0334E-4
9.8565E-5
9.6174E-5
9.2806E-5
8.9577E-5
8.9864E-5
8.4796E-5
8.206E-5
8.0818E-5
7.9586E-5
7.7992E-5
7.6361E-5
7.3584E-5
7.0717E-5
6.922E-5
7.1218E-5
6.8719E-5
6.2944E-5
6.5508E-5
6.5224E-5
6.2133E-5
6.1364E-5
5.7596E-5
5.7848E-5
5.6236E-5
5.577E-5
5.5928E-5
5.6272E-5
5.444E-5
5.4055E-5
5.1325E-5
4.7442E-5
4.7779E-5
4.8497E-5
4.5786E-5
4.8075E-5
4.8108E-5
4.7569E-5
4.3384E-5
4.4465E-5
4.1556E-5
3.9826E-5
4.3579E-5
4.4685E-5
4.0344E-5
4.2119E-5
3.7756E-5
4.0486E-5
3.8674E-5
3.8674E-5
