8.5755E-7
3.6348E-6
0.0
0.0
0.0
2.0769E-6
0.0
0.0
0.0
1.6207E-6
0.0
0.0
0.0
1.9521E-6
6.1339E-7
2.1642E-7
0.0
2.5886E-6
2.1641E-6
2.2564E-6
1.6751E-6
2.0357E-6
4.1005E-7
1.9178E-6
2.0664E-6
1.1185E-6
1.3202E-6
1.1189E-6
3.9473E-6
1.2119E-6
1.4359E-6
1.9982E-6
1.561E-6
3.1232E-6
3.4553E-6
2.9848E-6
6.0378E-6
6.7597E-6
9.5855E-6
1.1393E-5
1.2403E-5
1.4717E-5
1.6088E-5
1.8375E-5
2.1513E-5
2.4709E-5
2.9567E-5
3.3302E-5
3.8191E-5
4.3251E-5
5.0919E-5
5.6929E-5
6.4218E-5
7.4353E-5
8.3677E-5
9.5133E-5
1.0805E-4
1.2089E-4
1.3911E-4
1.5322E-4
1.6963E-4
1.8368E-4
1.9605E-4
2.0322E-4
2.0884E-4
2.0403E-4
1.9754E-4
1.8141E-4
1.6715E-4
1.5199E-4
1.3534E-4
1.1695E-4
1.0143E-4
9.0362E-5
8.2961E-5
7.3671E-5
6.6628E-5
6.1964E-5
5.8045E-5
5.2831E-5
4.8362E-5
4.3666E-5
3.8186E-5
3.4804E-5
3.0769E-5
2.7772E-5
2.5109E-5
2.1998E-5
1.9465E-5
1.7973E-5
1.5893E-5
1.5325E-5
1.4197E-5
1.3394E-5
1.2043E-5
1.1998E-5
1.0896E-5
9.7227E-6
8.3642E-6
8.8959E-6
7.2059E-6
7.1223E-6
7.1288E-6
6.7461E-6
6.4575E-6
5.5374E-6
5.7326E-6
5.7336E-6
5.3328E-6
4.8133E-6
4.0683E-6
4.9475E-6
4.6367E-6
4.3788E-6
5.0891E-6
4.552E-6
4.312E-6
4.837E-6
4.7802E-6
4.6045E-6
4.6789E-6
4.6225E-6
4.5166E-6
5.0348E-6
5.4019E-6
5.024E-6
6.0461E-6
5.1105E-6
6.2772E-6
6.6524E-6
6.8349E-6
6.3818E-6
6.6074E-6
7.2107E-6
7.4015E-6
7.6339E-6
7.564E-6
8.4115E-6
7.4734E-6
8.6651E-6
9.2097E-6
9.1906E-6
8.931E-6
9.0677E-6
9.0854E-6
9.2162E-6
9.7266E-6
9.556E-6
9.1811E-6
8.6099E-6
9.1051E-6
1.0176E-5
9.4241E-6
9.4757E-6
8.5382E-6
8.7294E-6
8.5248E-6
8.482E-6
7.6631E-6
8.0901E-6
8.2976E-6
8.4437E-6
8.7171E-6
7.6132E-6
6.6555E-6
7.531E-6
7.296E-6
7.8375E-6
6.7439E-6
6.7639E-6
6.8021E-6
6.7925E-6
6.5802E-6
5.9994E-6
6.5334E-6
6.2337E-6
6.3285E-6
7.0248E-6
6.3323E-6
6.7491E-6
6.0206E-6
6.0043E-6
6.3067E-6
6.7829E-6
7.1489E-6
8.1597E-6
8.7623E-6
1.016E-5
1.1088E-5
1.4104E-5
1.8331E-5
2.332E-5
3.2468E-5
4.4458E-5
6.3005E-5
8.6686E-5
1.176E-4
1.5793E-4
2.1206E-4
2.7664E-4
3.5449E-4
4.4381E-4
5.4731E-4
6.5955E-4
7.8488E-4
9.3019E-4
0.0010749
0.0012328
0.0013977
0.0015636
0.0017456
0.0019139
0.0020786
0.0022421
0.0023872
0.0025248
0.0026468
0.0027575
0.0028504
0.0029378
0.0030027
0.0030646
0.003108
0.0031378
0.0031654
0.0031844
0.0031921
0.0032017
0.0032081
0.003208
0.0032046
0.0031907
0.003166
0.0031362
0.0030985
0.00306
0.0030106
0.0029723
0.0029243
0.0028702
0.0028231
0.002776
0.0027199
0.0026649
0.0026138
0.0025517
0.002497
0.0024398
0.0023831
0.0023284
0.002277
0.0022303
0.0021856
0.0021382
0.0020892
0.0020383
0.0019953
0.0019475
0.0018975
0.0018545
0.0018089
0.0017705
0.0017242
0.0016807
0.0016423
0.0015963
0.0015552
0.0015116
0.0014655
0.0014192
0.0013716
0.0013365
0.0012989
0.0012622
0.0012261
0.0011963
0.0011699
0.0011421
0.0011132
0.0010912
0.0010667
0.0010382
0.0010091
9.8451E-4
9.6118E-4
9.3267E-4
9.0948E-4
8.8009E-4
8.5713E-4
8.3523E-4
8.1196E-4
7.8758E-4
7.6511E-4
7.416E-4
7.215E-4
6.992E-4
6.7532E-4
6.5464E-4
6.382E-4
6.2059E-4
6.0315E-4
5.8436E-4
5.6869E-4
5.5351E-4
5.3831E-4
5.2121E-4
5.0747E-4
4.9483E-4
4.8151E-4
4.6419E-4
4.515E-4
4.3846E-4
4.2821E-4
4.1381E-4
4.049E-4
3.9111E-4
3.8034E-4
3.68E-4
3.5677E-4
3.4717E-4
3.352E-4
3.2557E-4
3.1587E-4
3.0645E-4
2.9596E-4
2.8674E-4
2.8116E-4
2.7157E-4
2.6035E-4
2.5423E-4
2.4769E-4
2.4045E-4
2.356E-4
2.2723E-4
2.2076E-4
2.173E-4
2.12E-4
2.0508E-4
2.0231E-4
1.949E-4
1.8971E-4
1.8611E-4
1.8113E-4
1.761E-4
1.7334E-4
1.6922E-4
1.6005E-4
1.564E-4
1.5105E-4
1.4689E-4
1.4073E-4
1.3979E-4
1.3597E-4
1.3455E-4
1.2676E-4
1.223E-4
1.2351E-4
1.1729E-4
1.1392E-4
1.0903E-4
1.0743E-4
1.0375E-4
9.9852E-5
9.4666E-5
9.1896E-5
8.9244E-5
9.1799E-5
8.8083E-5
8.9991E-5
8.7626E-5
8.271E-5
8.2857E-5
8.1945E-5
7.8737E-5
7.2344E-5
7.1966E-5
7.5575E-5
7.2718E-5
6.7723E-5
6.6373E-5
6.3254E-5
6.04E-5
5.688E-5
5.7542E-5
5.1648E-5
5.3643E-5
6.149E-5
5.7402E-5
5.274E-5
5.5249E-5
5.0985E-5
5.5484E-5
5.1016E-5
4.5991E-5
4.7598E-5
4.9132E-5
4.1596E-5
3.8364E-5
4.7867E-5
4.3357E-5
4.3357E-5
