1.2212E-6
2.6467E-6
0.0
0.0
0.0
4.6161E-6
1.0556E-7
6.6487E-7
3.2985E-7
1.6415E-6
2.3117E-6
9.6817E-8
0.0
0.0
0.0
2.6561E-6
4.0292E-7
1.6926E-6
7.7121E-7
1.5135E-6
1.7256E-7
2.2311E-6
1.4178E-6
0.0
1.3745E-6
1.0978E-6
1.9873E-6
6.8545E-7
2.5501E-6
1.5197E-6
1.2952E-6
9.7739E-7
3.7274E-6
2.5044E-6
3.119E-6
5.3256E-6
7.6724E-6
6.069E-6
8.4956E-6
1.0181E-5
1.2457E-5
1.3113E-5
1.6389E-5
1.9433E-5
2.2184E-5
2.5065E-5
3.0866E-5
3.5938E-5
4.147E-5
4.5028E-5
5.4408E-5
5.9826E-5
6.7401E-5
7.6909E-5
8.8412E-5
1.0107E-4
1.1607E-4
1.3001E-4
1.5038E-4
1.6826E-4
1.8816E-4
2.0334E-4
2.1728E-4
2.2651E-4
2.3199E-4
2.2988E-4
2.2529E-4
2.0533E-4
1.8948E-4
1.7296E-4
1.545E-4
1.3461E-4
1.1807E-4
1.0498E-4
9.7098E-5
8.6998E-5
8.2864E-5
7.5927E-5
7.0489E-5
6.5214E-5
5.9816E-5
5.45E-5
4.8429E-5
4.3994E-5
3.9333E-5
3.5572E-5
3.1971E-5
2.9493E-5
2.6144E-5
2.3608E-5
2.3151E-5
2.12E-5
1.994E-5
1.9338E-5
1.7656E-5
1.6906E-5
1.629E-5
1.5083E-5
1.4241E-5
1.4732E-5
1.3326E-5
1.3455E-5
1.1142E-5
1.0784E-5
1.1038E-5
9.9304E-6
9.2702E-6
9.0493E-6
9.0495E-6
9.937E-6
9.0246E-6
9.2623E-6
9.2631E-6
9.9195E-6
1.0151E-5
1.0475E-5
1.0779E-5
1.1116E-5
1.1914E-5
1.1639E-5
1.2911E-5
1.3427E-5
1.4346E-5
1.3967E-5
1.5059E-5
1.6486E-5
1.793E-5
1.7705E-5
1.9851E-5
2.102E-5
2.2012E-5
2.2095E-5
2.3753E-5
2.5077E-5
2.5589E-5
2.6531E-5
2.8677E-5
2.9821E-5
3.0808E-5
3.1172E-5
3.2997E-5
3.415E-5
3.5319E-5
3.5455E-5
3.6499E-5
3.776E-5
3.9609E-5
4.0133E-5
4.0291E-5
4.0134E-5
4.2294E-5
4.3087E-5
4.338E-5
4.3886E-5
4.4012E-5
4.5396E-5
4.5749E-5
4.5983E-5
4.5627E-5
4.6368E-5
4.6355E-5
4.7004E-5
4.609E-5
4.6766E-5
4.5938E-5
4.6055E-5
4.7118E-5
4.6264E-5
4.5894E-5
4.6924E-5
4.6464E-5
4.5958E-5
4.6164E-5
4.5844E-5
4.5165E-5
4.4387E-5
4.4825E-5
4.364E-5
4.2834E-5
4.2323E-5
4.0508E-5
4.061E-5
4.0421E-5
4.0555E-5
3.937E-5
3.956E-5
3.9313E-5
3.945E-5
4.1264E-5
4.2259E-5
4.6935E-5
5.0569E-5
5.8304E-5
6.8975E-5
8.6904E-5
1.0947E-4
1.382E-4
1.7992E-4
2.3139E-4
2.9435E-4
3.7443E-4
4.6302E-4
5.6011E-4
6.7518E-4
8.0038E-4
9.4377E-4
0.0010898
0.0012425
0.0014066
0.0015757
0.001753
0.001923
0.0020873
0.0022475
0.0023937
0.0025279
0.0026575
0.0027591
0.0028543
0.0029399
0.003009
0.0030668
0.0031095
0.0031423
0.0031652
0.003183
0.0031984
0.0032034
0.0032096
0.00321
0.003205
0.0031893
0.0031719
0.0031348
0.0031025
0.0030624
0.0030135
0.0029671
0.0029176
0.0028687
0.0028228
0.0027774
0.0027245
0.0026668
0.0026093
0.0025528
0.0024971
0.0024411
0.002386
0.0023301
0.0022788
0.0022321
0.0021855
0.0021397
0.002094
0.0020414
0.001991
0.0019462
0.0018993
0.0018519
0.0018123
0.0017751
0.0017255
0.0016829
0.0016392
0.001597
0.0015547
0.0015119
0.00146
0.0014165
0.0013749
0.0013376
0.0013023
0.0012625
0.001227
0.0012
0.0011689
0.0011423
0.0011218
0.0010899
0.0010648
0.0010387
0.0010133
9.838E-4
9.6014E-4
9.3413E-4
9.0501E-4
8.8362E-4
8.56E-4
8.3685E-4
8.1424E-4
7.9082E-4
7.6638E-4
7.4522E-4
7.1886E-4
6.9772E-4
6.7777E-4
6.5917E-4
6.3637E-4
6.2196E-4
6.0312E-4
5.8248E-4
5.6787E-4
5.5212E-4
5.3602E-4
5.2211E-4
5.0788E-4
4.9297E-4
4.7973E-4
4.6707E-4
4.526E-4
4.3866E-4
4.2713E-4
4.1591E-4
4.003E-4
3.9136E-4
3.7938E-4
3.6748E-4
3.5628E-4
3.4684E-4
3.3671E-4
3.221E-4
3.1377E-4
3.0505E-4
2.9588E-4
2.8782E-4
2.7996E-4
2.6938E-4
2.6367E-4
2.563E-4
2.4865E-4
2.4127E-4
2.347E-4
2.2673E-4
2.2234E-4
2.1703E-4
2.1389E-4
2.0833E-4
2.0008E-4
1.989E-4
1.891E-4
1.8523E-4
1.8074E-4
1.7422E-4
1.7064E-4
1.6711E-4
1.5974E-4
1.5608E-4
1.5232E-4
1.4719E-4
1.4198E-4
1.3895E-4
1.3497E-4
1.3236E-4
1.2922E-4
1.2703E-4
1.2027E-4
1.1447E-4
1.136E-4
1.1025E-4
1.0538E-4
1.0177E-4
9.889E-5
9.8432E-5
9.8459E-5
9.354E-5
9.1026E-5
8.5233E-5
8.6042E-5
8.3504E-5
8.1891E-5
8.059E-5
7.7378E-5
7.5987E-5
7.5338E-5
7.3729E-5
6.8948E-5
7.001E-5
6.7413E-5
6.8412E-5
6.9112E-5
6.2651E-5
5.9296E-5
5.8461E-5
6.2359E-5
5.5399E-5
6.1948E-5
5.9054E-5
5.4287E-5
5.6968E-5
5.32E-5
5.4115E-5
5.3608E-5
4.9226E-5
5.2034E-5
5.2343E-5
4.1033E-5
4.6512E-5
5.0455E-5
4.3414E-5
4.3414E-5
