0.0
7.2132E-7
9.6169E-7
3.5786E-6
1.5626E-6
1.2881E-6
2.136E-6
5.0592E-7
2.065E-7
0.0
0.0
3.3453E-6
4.9165E-7
8.3047E-7
2.3108E-6
8.6863E-7
3.3587E-6
3.094E-6
1.5201E-6
2.6959E-6
9.3176E-7
3.3803E-6
3.4489E-6
0.0
6.5653E-7
2.8117E-6
8.9064E-7
1.7473E-6
4.335E-7
1.622E-6
4.1113E-6
3.884E-6
2.8361E-6
5.6645E-6
5.5073E-6
6.1864E-6
6.7455E-6
7.0223E-6
8.0554E-6
1.0278E-5
1.2217E-5
1.7077E-5
1.9361E-5
2.0431E-5
2.235E-5
2.6161E-5
3.0241E-5
3.4717E-5
3.9916E-5
4.4781E-5
5.4381E-5
6.0006E-5
6.6736E-5
7.7247E-5
9.0216E-5
1.0279E-4
1.1836E-4
1.3616E-4
1.5816E-4
1.7714E-4
1.9897E-4
2.1716E-4
2.3594E-4
2.4598E-4
2.5472E-4
2.5568E-4
2.5193E-4
2.3782E-4
2.1887E-4
2.002E-4
1.8195E-4
1.589E-4
1.4422E-4
1.3205E-4
1.205E-4
1.1393E-4
1.0774E-4
1.0281E-4
1.0003E-4
9.6823E-5
9.6071E-5
9.417E-5
9.0401E-5
8.7866E-5
8.4864E-5
8.4614E-5
8.332E-5
8.2521E-5
8.1784E-5
8.3393E-5
8.5307E-5
8.7838E-5
9.1033E-5
9.1963E-5
9.5847E-5
9.7578E-5
1.0022E-4
1.0137E-4
1.0045E-4
9.9579E-5
1.0007E-4
9.6936E-5
9.6884E-5
9.5535E-5
9.5007E-5
9.634E-5
9.604E-5
9.8524E-5
1.0044E-4
1.048E-4
1.0857E-4
1.1252E-4
1.1794E-4
1.234E-4
1.296E-4
1.3808E-4
1.457E-4
1.5616E-4
1.6656E-4
1.766E-4
1.9004E-4
2.0377E-4
2.1878E-4
2.3536E-4
2.5249E-4
2.7034E-4
2.8964E-4
3.1061E-4
3.3334E-4
3.5423E-4
3.7607E-4
3.974E-4
4.2384E-4
4.4793E-4
4.741E-4
5.0054E-4
5.2767E-4
5.5419E-4
5.7943E-4
6.0412E-4
6.3117E-4
6.5518E-4
6.7833E-4
7.0362E-4
7.2832E-4
7.53E-4
7.7605E-4
7.969E-4
8.1807E-4
8.4164E-4
8.645E-4
8.865E-4
9.0805E-4
9.3206E-4
9.4744E-4
9.6567E-4
9.7865E-4
9.9111E-4
0.0010033
0.0010148
0.0010243
0.0010318
0.0010385
0.001047
0.0010511
0.0010566
0.0010598
0.0010648
0.0010623
0.0010622
0.0010611
0.0010596
0.0010548
0.0010471
0.0010371
0.0010262
0.0010162
0.0010033
9.8654E-4
9.6914E-4
9.5316E-4
9.3642E-4
9.21E-4
9.0118E-4
8.8166E-4
8.6206E-4
8.4363E-4
8.2533E-4
8.0397E-4
7.8357E-4
7.6367E-4
7.4712E-4
7.3115E-4
7.137E-4
7.0469E-4
7.0234E-4
7.0555E-4
7.2025E-4
7.4728E-4
7.8317E-4
8.3721E-4
9.0057E-4
9.8047E-4
0.0010722
0.001175
0.0012973
0.0014189
0.0015536
0.0016951
0.0018481
0.0020025
0.0021562
0.0023062
0.0024427
0.00258
0.0026937
0.0028007
0.0028902
0.0029729
0.0030471
0.0030994
0.0031441
0.0031799
0.003207
0.0032195
0.0032321
0.0032412
0.0032369
0.0032385
0.0032349
0.0032279
0.0032081
0.003182
0.0031477
0.0031149
0.0030689
0.0030188
0.0029769
0.0029239
0.0028775
0.0028267
0.0027803
0.0027234
0.0026717
0.0026127
0.0025553
0.0024991
0.0024404
0.0023873
0.0023309
0.0022838
0.0022335
0.0021875
0.0021399
0.0020878
0.0020442
0.0019935
0.0019473
0.0019038
0.0018584
0.0018137
0.0017747
0.0017285
0.001684
0.0016418
0.0015984
0.0015552
0.0015119
0.0014614
0.0014164
0.0013761
0.0013366
0.001298
0.0012623
0.0012288
0.0012001
0.0011715
0.0011451
0.0011176
0.0010897
0.0010655
0.0010385
0.0010125
9.8887E-4
9.6096E-4
9.3634E-4
9.1023E-4
8.8378E-4
8.6029E-4
8.3577E-4
8.1137E-4
7.8937E-4
7.6391E-4
7.4412E-4
7.2212E-4
6.9822E-4
6.7658E-4
6.6038E-4
6.3865E-4
6.2032E-4
6.0634E-4
5.8801E-4
5.683E-4
5.541E-4
5.39E-4
5.2341E-4
5.0976E-4
4.9142E-4
4.7976E-4
4.6676E-4
4.5323E-4
4.3995E-4
4.2812E-4
4.1569E-4
4.0404E-4
3.9344E-4
3.7789E-4
3.6828E-4
3.5845E-4
3.4563E-4
3.3717E-4
3.3023E-4
3.1463E-4
3.0496E-4
2.964E-4
2.8823E-4
2.7956E-4
2.6959E-4
2.6514E-4
2.5946E-4
2.4941E-4
2.4017E-4
2.3563E-4
2.3029E-4
2.2434E-4
2.1803E-4
2.1448E-4
2.0872E-4
2.0327E-4
1.9889E-4
1.9265E-4
1.8906E-4
1.8253E-4
1.7856E-4
1.7443E-4
1.7046E-4
1.6394E-4
1.6045E-4
1.5436E-4
1.4908E-4
1.4295E-4
1.3999E-4
1.3539E-4
1.3319E-4
1.2769E-4
1.2619E-4
1.2078E-4
1.1998E-4
1.1245E-4
1.0744E-4
1.066E-4
1.0623E-4
1.0286E-4
9.9487E-5
9.5906E-5
9.3254E-5
9.1765E-5
8.8571E-5
8.8112E-5
8.9495E-5
8.3432E-5
7.9727E-5
8.3468E-5
8.136E-5
8.173E-5
6.9305E-5
6.9461E-5
7.064E-5
7.1208E-5
7.1123E-5
6.6128E-5
5.9661E-5
6.2784E-5
6.3751E-5
6.2526E-5
5.7113E-5
5.8836E-5
5.4757E-5
4.9622E-5
5.5301E-5
6.0085E-5
5.7902E-5
4.8818E-5
4.958E-5
5.093E-5
5.7578E-5
5.1688E-5
5.6964E-5
4.2975E-5
4.2223E-5
4.2223E-5
