7.0986E-7
1.6035E-6
0.0
5.6053E-6
2.2604E-6
2.4662E-6
1.0452E-6
1.7273E-6
2.7541E-6
2.0249E-6
2.0866E-7
2.2905E-6
2.473E-7
4.5217E-6
0.0
8.2934E-7
1.8035E-6
2.0189E-7
1.211E-6
2.3855E-6
6.074E-7
3.1956E-6
5.3175E-7
3.723E-6
1.798E-6
4.7699E-6
3.9508E-6
0.0
5.9357E-7
4.0364E-6
3.4846E-6
2.9786E-6
3.0122E-6
4.7989E-6
4.7474E-6
6.8575E-6
8.4868E-6
9.6371E-6
8.3134E-6
1.2637E-5
1.441E-5
1.7422E-5
1.7406E-5
2.0592E-5
2.5415E-5
2.8009E-5
3.2716E-5
3.8899E-5
4.1937E-5
4.8499E-5
5.6329E-5
6.5673E-5
7.4998E-5
8.8518E-5
1.0257E-4
1.207E-4
1.4059E-4
1.6351E-4
1.8933E-4
2.2238E-4
2.5154E-4
2.7989E-4
3.1048E-4
3.3289E-4
3.4882E-4
3.5833E-4
3.5857E-4
3.4475E-4
3.2467E-4
3.015E-4
2.7429E-4
2.4544E-4
2.2531E-4
2.1067E-4
1.99E-4
1.9125E-4
1.8745E-4
1.8746E-4
1.8782E-4
1.8878E-4
1.9131E-4
1.9296E-4
1.9258E-4
1.9573E-4
1.9484E-4
1.9537E-4
1.9757E-4
2.0137E-4
2.0388E-4
2.1204E-4
2.178E-4
2.3006E-4
2.4093E-4
2.515E-4
2.5888E-4
2.6952E-4
2.7376E-4
2.7855E-4
2.8018E-4
2.8101E-4
2.7847E-4
2.7465E-4
2.7289E-4
2.7009E-4
2.6913E-4
2.7238E-4
2.7557E-4
2.8219E-4
2.8925E-4
2.9955E-4
3.1034E-4
3.2545E-4
3.3843E-4
3.5582E-4
3.7759E-4
3.9993E-4
4.2617E-4
4.5071E-4
4.8231E-4
5.1949E-4
5.5727E-4
5.9811E-4
6.4155E-4
6.9262E-4
7.4215E-4
7.9318E-4
8.4981E-4
9.1023E-4
9.782E-4
0.0010391
0.0011066
0.0011715
0.00125
0.0013217
0.0013956
0.0014719
0.0015562
0.0016314
0.0017095
0.001788
0.001862
0.0019391
0.002014
0.0020852
0.0021568
0.0022229
0.0022904
0.0023566
0.0024249
0.0024877
0.0025599
0.0026255
0.00269
0.0027497
0.0028013
0.0028555
0.0028999
0.0029401
0.0029757
0.0030064
0.0030415
0.0030604
0.0030844
0.0031042
0.0031247
0.0031328
0.0031445
0.0031541
0.0031637
0.0031561
0.0031545
0.0031424
0.0031302
0.0031061
0.0030765
0.0030451
0.0030108
0.0029732
0.0029245
0.0028788
0.0028278
0.0027749
0.0027209
0.0026707
0.0026076
0.0025554
0.0024986
0.0024399
0.0023731
0.0023072
0.0022378
0.0021727
0.0021093
0.002044
0.0019802
0.0019225
0.0018756
0.0018351
0.0018136
0.0017975
0.0017991
0.0018141
0.0018421
0.0018889
0.0019419
0.0020234
0.0021066
0.0021991
0.0022956
0.0024036
0.0025218
0.0026347
0.0027392
0.002849
0.0029462
0.0030312
0.0031026
0.003164
0.0032145
0.0032626
0.0032944
0.0033114
0.0033302
0.0033324
0.003332
0.0033214
0.0033215
0.0033103
0.0032931
0.0032875
0.003266
0.003247
0.0032122
0.0031739
0.0031332
0.0030889
0.0030408
0.0029925
0.0029399
0.002885
0.0028348
0.0027829
0.0027327
0.0026814
0.0026209
0.0025622
0.0025016
0.0024447
0.0023943
0.0023356
0.002285
0.0022376
0.0021925
0.0021406
0.0020906
0.0020455
0.002
0.0019544
0.0019054
0.0018598
0.0018228
0.001779
0.0017328
0.0016859
0.001641
0.0016021
0.0015573
0.0015116
0.0014641
0.0014227
0.001381
0.0013409
0.0013025
0.0012687
0.0012332
0.0012007
0.0011722
0.0011426
0.00112
0.0010908
0.001071
0.001038
0.0010127
9.8948E-4
9.5876E-4
9.3375E-4
9.1329E-4
8.808E-4
8.5728E-4
8.3484E-4
8.1373E-4
7.9067E-4
7.6919E-4
7.4691E-4
7.2127E-4
6.9956E-4
6.814E-4
6.5936E-4
6.3954E-4
6.22E-4
6.0639E-4
5.8856E-4
5.7278E-4
5.5326E-4
5.3965E-4
5.2547E-4
5.1088E-4
4.9841E-4
4.8017E-4
4.6656E-4
4.5388E-4
4.4351E-4
4.318E-4
4.1761E-4
4.0584E-4
3.9186E-4
3.8378E-4
3.7138E-4
3.5948E-4
3.5036E-4
3.4123E-4
3.2934E-4
3.2078E-4
3.0883E-4
2.9669E-4
2.8973E-4
2.828E-4
2.7618E-4
2.6793E-4
2.5607E-4
2.5116E-4
2.4581E-4
2.3928E-4
2.3182E-4
2.266E-4
2.2057E-4
2.1499E-4
2.1445E-4
2.0384E-4
2.0132E-4
1.9573E-4
1.8809E-4
1.8672E-4
1.8327E-4
1.7588E-4
1.6908E-4
1.6542E-4
1.6461E-4
1.5626E-4
1.4968E-4
1.4697E-4
1.4297E-4
1.3581E-4
1.3034E-4
1.288E-4
1.2642E-4
1.2163E-4
1.2039E-4
1.134E-4
1.0916E-4
1.083E-4
1.0738E-4
1.0317E-4
9.9354E-5
9.5653E-5
9.3623E-5
9.2647E-5
9.5907E-5
8.5168E-5
8.5568E-5
8.532E-5
8.3716E-5
8.177E-5
8.0122E-5
7.7733E-5
7.526E-5
7.3699E-5
7.3663E-5
6.9558E-5
7.2505E-5
6.3944E-5
6.3703E-5
6.4415E-5
6.5403E-5
6.6948E-5
6.0448E-5
6.0639E-5
6.3629E-5
6.0467E-5
6.0854E-5
5.532E-5
5.3754E-5
5.4532E-5
4.8972E-5
4.8179E-5
5.0817E-5
5.0621E-5
5.4101E-5
5.1283E-5
4.5584E-5
4.5584E-5
