9.929E-6
2.0745E-6
6.0218E-6
2.2256E-6
2.3934E-6
8.4089E-7
2.475E-6
7.0523E-6
0.0
0.0
4.7549E-6
2.9723E-6
3.0247E-6
0.0
5.2705E-6
1.1478E-6
5.3469E-6
7.5176E-6
8.6374E-7
3.7964E-6
3.4932E-6
5.5091E-6
6.4844E-6
5.2266E-6
6.1893E-6
5.7304E-7
3.7825E-6
8.9417E-7
3.164E-6
6.184E-6
4.5296E-6
7.3523E-6
3.3478E-6
5.732E-6
8.4575E-6
5.057E-6
9.4581E-6
1.0644E-5
1.0484E-5
1.5383E-5
1.8316E-5
1.8159E-5
2.222E-5
2.4047E-5
2.6981E-5
3.3986E-5
3.5861E-5
4.2587E-5
5.1969E-5
6.0102E-5
6.785E-5
7.9471E-5
9.2857E-5
1.105E-4
1.2986E-4
1.5508E-4
1.806E-4
2.1157E-4
2.541E-4
3.0008E-4
3.4467E-4
3.8858E-4
4.3575E-4
4.7466E-4
5.017E-4
5.1561E-4
5.1918E-4
5.0126E-4
4.8348E-4
4.4976E-4
4.1708E-4
3.7825E-4
3.4672E-4
3.2734E-4
3.0854E-4
3.0102E-4
2.9827E-4
2.996E-4
3.0441E-4
3.0964E-4
3.164E-4
3.2041E-4
3.2087E-4
3.2451E-4
3.2728E-4
3.3062E-4
3.3274E-4
3.3945E-4
3.4878E-4
3.6037E-4
3.7282E-4
3.9185E-4
4.055E-4
4.2616E-4
4.4202E-4
4.6027E-4
4.6784E-4
4.7615E-4
4.7809E-4
4.7936E-4
4.7481E-4
4.7143E-4
4.6494E-4
4.6055E-4
4.6431E-4
4.627E-4
4.7134E-4
4.8107E-4
4.9042E-4
5.1009E-4
5.2805E-4
5.4858E-4
5.7732E-4
6.0329E-4
6.4131E-4
6.7744E-4
7.1837E-4
7.6815E-4
8.2298E-4
8.8242E-4
9.4604E-4
0.0010184
0.0010906
0.001172
0.0012592
0.0013475
0.0014415
0.0015518
0.0016546
0.0017643
0.0018783
0.001991
0.002117
0.0022401
0.0023742
0.0025017
0.0026418
0.0027692
0.0029029
0.0030362
0.0031627
0.0032961
0.0034186
0.0035417
0.0036623
0.0037814
0.0038902
0.0040016
0.0041072
0.0042288
0.0043434
0.0044531
0.0045638
0.0046505
0.0047416
0.0048367
0.0049132
0.0049785
0.0050437
0.0050901
0.0051433
0.0051889
0.0052259
0.0052629
0.0052951
0.0053157
0.0053335
0.0053579
0.0053575
0.0053563
0.0053446
0.0053302
0.0053025
0.0052642
0.0052264
0.0051689
0.0051046
0.0050375
0.0049628
0.0048743
0.0047889
0.0047066
0.0046177
0.0045268
0.0044239
0.0043233
0.0042289
0.0041271
0.0040146
0.0038995
0.0037904
0.0036734
0.0035591
0.0034491
0.0033192
0.0032183
0.0031109
0.0030157
0.0029408
0.0028752
0.0028215
0.0027853
0.0027627
0.0027607
0.0027691
0.00279
0.0028234
0.0028734
0.0029301
0.0029969
0.0030702
0.0031426
0.0032109
0.0032827
0.0033421
0.0033953
0.0034305
0.0034582
0.0034826
0.003501
0.003507
0.0035032
0.0034896
0.0034749
0.0034599
0.0034361
0.003419
0.0033915
0.0033682
0.0033492
0.0033186
0.0032992
0.0032566
0.0032147
0.0031674
0.0031126
0.0030661
0.0030138
0.0029599
0.0029016
0.0028531
0.0028015
0.0027488
0.0026901
0.002625
0.0025721
0.0025104
0.002456
0.002407
0.002343
0.0022963
0.0022462
0.0022023
0.0021533
0.0021039
0.0020576
0.0020058
0.0019565
0.0019157
0.0018665
0.0018209
0.0017856
0.0017389
0.0016916
0.0016499
0.0016103
0.0015648
0.0015246
0.0014715
0.0014262
0.001385
0.0013421
0.0013006
0.0012645
0.0012347
0.0012071
0.0011804
0.0011496
0.0011223
0.0010991
0.0010736
0.0010474
0.0010155
9.898E-4
9.6635E-4
9.4292E-4
9.1483E-4
8.8686E-4
8.6431E-4
8.3539E-4
8.156E-4
7.9506E-4
7.6972E-4
7.4507E-4
7.2497E-4
7.0412E-4
6.8424E-4
6.6374E-4
6.4505E-4
6.2442E-4
6.0953E-4
5.8482E-4
5.7097E-4
5.5331E-4
5.3747E-4
5.301E-4
5.148E-4
4.9723E-4
4.8572E-4
4.6898E-4
4.5696E-4
4.4343E-4
4.3159E-4
4.2509E-4
4.0876E-4
3.9856E-4
3.8646E-4
3.7537E-4
3.6413E-4
3.5112E-4
3.4146E-4
3.3227E-4
3.2611E-4
3.1707E-4
3.056E-4
2.9068E-4
2.8211E-4
2.7745E-4
2.7282E-4
2.6393E-4
2.5335E-4
2.518E-4
2.4088E-4
2.4066E-4
2.277E-4
2.2521E-4
2.2087E-4
2.1554E-4
2.1018E-4
1.9856E-4
1.9898E-4
1.9406E-4
1.8947E-4
1.8616E-4
1.7772E-4
1.7362E-4
1.72E-4
1.622E-4
1.5691E-4
1.5276E-4
1.5076E-4
1.4779E-4
1.447E-4
1.3776E-4
1.3159E-4
1.3611E-4
1.2618E-4
1.1992E-4
1.1867E-4
1.1772E-4
1.126E-4
1.0979E-4
1.0971E-4
1.078E-4
9.4369E-5
9.4138E-5
9.4412E-5
9.4748E-5
8.837E-5
9.4915E-5
8.7128E-5
8.9385E-5
9.314E-5
8.3741E-5
8.0753E-5
8.1832E-5
8.0471E-5
7.7234E-5
7.7043E-5
7.4939E-5
7.0958E-5
5.9797E-5
6.2949E-5
7.0847E-5
7.1416E-5
7.5055E-5
7.0E-5
5.1089E-5
6.6005E-5
7.117E-5
7.3314E-5
6.5817E-5
6.3132E-5
5.5383E-5
5.7959E-5
5.5042E-5
5.0362E-5
5.7435E-5
4.673E-5
5.9446E-5
5.9446E-5
